strategic_region = {
    id = 10
    name = "STRATEGICREGION_10"

    provinces = {
        12 777 901 851 384 15 31 43 170 184 926 263 275 365 429 813 476 509 519 540 544 265 560 1637 1542 8583 3918 933 1084 1122 1131 1149 1166 1190 1341 1289 1327 1352 1387 1414 1452 1479 1497 1503 1538 1652 688 791 1729 2108 1760 1819 1923 1949 1950 2059 2060 2081 2129 1743 2789 2239 2256 2363 2364 2414 2428 2435 2456 2552 2853 1742 3896 1734 3222 3374 2916 3006 3027 3094 3111 3142 3147 3155 3507 3917 2793 3572 3605 3620 3708 3735 3745 3877 2541 3952 7187 6799 5062 5033 4562 4006 4031 4079 4135 4180 4274 4938 4307 4406 4677 4985 4704 4720 4796 4861 4916 4929 4311 5082 5936 5397 6057 3971 5085 5102 5146 5207 5288 5297 5363 5389 6040 5393 5424 5479 5480 5551 5683 5688 5745 5778 5896 4932 2213 4945 8589 6746 6331 6439 6518 6520 6571 6597 6647 6659 7276 6307 7269 6804 6818 6832 6891 6949 6989 6995 7176 7265 8463 6169 3995 6798 7920 7338 7438 7566 7583 7649 7747 7804 7806 7881 7955 7271 8043 8074 8115 8159 8190 8247 8297 8383 6120 8570 18164 18044 8909 8631 8636 8696 8707 8719 8724 8744 8748 9364 9355 9291 9011 9065 9109 9129 9153 9219 9253 9266 9296 10493 9484 10499 8612 9489 9508 9514 9518 9620 9621 9680 9700 9365 9966 10095 10103 10164 10248 10325 10347 10398 10400 10489 9975 8943 12722 10509 10642 10784 10805 10812 10855 10863 11009 11033 11122 11128 11169 11196 11211 11244 11245 11259 11265 11450 11536 11543 10583 11579 10744 11651 11752 11596 11825 11863 11925 11939 12037 12056 12073 12173 12192 12217 12189 12261 12311 12370 12440 12506 12560 12613 12676 12698 10554 18040 12757 14568 13952 12779 12820 12835 12850 12856 12889 12903 13913 14198 14169 14194 14009 14013 14019 14093 14106 14117 14118 14119 14156 14340 12737 14138 14354 14202 14222 14223 14224 14231 14235 14246 14247 14248 14249 14275 14286 14287 14289 14291 14305 14314 14317 14319 14330 13989 13976 18044 8942 14467 14381 14395 14402 14417 14418 14420 14446 14452 14570 14463 14371 14477 14480 14499 14500 14527 14532 14533 14551 14468 14575 14659 14356 14372 14579 14613 14616 14617 14621 14633 14634 14636 14642 14669 14573 14673 14684 14685 14717 14735 14741 14757 14767 18036 14366 18040 
    }

    weather = {
    }
}
