strategic_region = {
    id = 11
    name = "STRATEGICREGION_11"

    provinces = {
        9 11 28 101 121 167 168 176 322 349 360 370 375 390 439 444 475 479 491 499 535 584 599 622 659 768 781 795 802 828 866 869 889 903 969 975 1005 1022 1051 1138 1201 1212 1245 1264 1272 1292 1309 1349 1359 1376 1390 1408 1449 1501 1610 1625 1674 1696 1725 1757 1826 1845 1904 2025 2031 2033 2055 2061 2069 2072 2077 2116 2130 2167 2249 2318 2352 2376 2398 2403 2408 2415 2419 2424 2455 2475 2486 2490 2494 2574 2615 2625 2628 2719 2806 2894 2897 2902 2905 2917 2920 2921 2924 2949 2966 2991 3045 3116 3120 3150 3164 3171 3261 3270 3316 3320 3364 3369 3403 3404 3454 3494 3501 3688 3725 3740 3793 3842 3872 3882 3906 3969 4020 4029 4070 4169 4234 4238 4243 4248 4262 4281 4339 4360 4363 4397 4491 4585 4628 4671 4672 4696 4740 4759 4762 4816 4898 4915 4960 5006 5066 5077 5094 5154 5189 5211 5229 5303 5326 5331 5445 5500 5517 5522 5537 5564 5589 5594 5605 5606 5608 5618 5630 5663 5728 5756 5762 5812 5818 5831 5857 5865 5882 5927 5991 5995 6035 6100 6214 6257 6269 6274 6276 6354 6451 6460 6471 6507 6509 6524 6576 6578 6595 6627 6640 6656 6721 6735 6749 6787 6816 6875 6887 6913 6942 6946 6965 7037 7081 7106 7136 7139 7157 7257 7270 7290 7354 7365 7380 7385 7389 7395 7423 7428 7466 7493 7531 7549 7599 7700 7707 7735 7821 7824 7865 7883 7903 7919 7924 8046 8048 8059 8109 8122 8134 8180 8196 8217 8256 8322 8366 8378 8415 8540 8560 8565 8569 8615 8662 8670 8710 8759 8815 8830 8859 8864 8894 8906 9003 9004 9056 9102 9124 9127 9138 9158 9215 9232 9260 9264 9270 9300 9308 9379 9463 9468 9561 9570 9575 9601 9613 9623 9628 9712 9740 9749 9756 9767 9798 9822 9827 9873 9890 9945 9949 10007 10066 10098 10149 10163 10236 10287 10295 10300 10332 10366 10444 10463 10473 10528 10536 10540 10562 10569 10686 10697 10714 10777 10792 10816 10826 10866 10936 10981 11025 11035 11064 11104 11166 11191 11209 11267 11294 11301 11452 11503 11505 11514 11540 11542 11574 11583 11602 11625 11682 11687 11699 11820 11853 11860 11910 11982 11996 12122 12158 12201 12212 12243 12252 12277 12318 12337 12379 12387 12402 12460 12473 12475 12478 12535 12538 12620 12638 12669 12744 12773 12790 12824 12846 12864 12878 12925 12926 14419 14433 14450 14485 14490 14522 14547 14552 14555 14559 14562 14571 14587 14604 14607 14628 14635 14645 14647 14677 14693 14709 14725 14758 14766 14781 14784 14796 14806 14813 14838 14839 14849 14850 14857 14859 14864 14877 14878 14882 14887 14896 14903 14909 14910 14918 14919 14922 14925 14936 14938 14943 14945 14946 14949 14952 14976 14978 14983 14997 15001 15002 15003 15007 15009 15031 15038 15040 15051 15057 15061 15083 15084 15086 15087 15094 15097 15102 15115 15116 15122 15124 15132 15143 15148 15153 15165 15169 15177 15178 15191 15192 15196 15198 15208 15230 15234 15235 15236 15250 15258 15263 15265 15270 15277 15287 15295 15299 15300 15310 15328 15329 15330 15341 15345 15346 15347 15351 15358 15369 15375 15387 15399 15402 15407 15408 15414 15417 15426 15435 15476 18047 18050 
    }

    weather = {
    }
}
