strategic_region = {
	id = 12
	name = "STRATEGICREGION_12"

	provinces = {
		8 13 79 156 159 160 250 449 483 539 596 694 704 718 750 754 932 1016 1173 1207 1288 1303 1313 1417 1547 1659 1695 1706 1791 1875 1976 1990 1996 2005 2094 2138 2192 2259 2473 2489 2540 2556 2617 2654 2683 2703 2779 2962 2980 3057 3068 3174 3314 3406 3471 3550 3575 3597 3679 3710 3754 3789 3845 3867 3951 3962 3980 4078 4091 4119 4136 4146 4151 4255 4275 4276 4282 4390 4399 4559 4615 4808 4922 4965 5282 5333 5431 5557 5560 5592 5638 5734 5780 5820 5842 5853 5860 5877 5879 5899 5966 6053 6417 6452 6689 6690 6733 6982 7030 7086 7088 7091 7213 7345 7396 7588 7590 7764 7766 7838 7872 8023 8039 8214 8319 8396 8446 8505 8511 8562 8682 8907 8920 9078 9126 9186 9381 9434 9462 9497 9545 9571 9651 9747 9819 9889 9938 9944 9951 9952 9960 10090 10159 10337 10393 10423 10475 10575 10612 10641 10746 11023 11036 11100 11161 11299 11337 11363 11400 11457 11563 11773 11778 11841 11900 11928 12064 12090 12101 12137 12253 12416 12434 12488 12601 15421 15448 15461 15466 15472 15477 15480 15490 15501 15509 15521 15523 15528 15535 15536 15537 15548 15549 15560 15569 15587 15599 15600 15602 15603 15605 15607 15612 15627 15635 15658 15659 15662 15671 15673 15676 15691 15698 15707 15718 15727 15736 15799 15829 15834 15853 15859 15877 15879 15929 15996 18055 18058 18061 
	}

	weather = {
	}
}
