strategic_region = {
	id = 13
	name = "STRATEGICREGION_13"

	provinces = {
		16 34 65 131 137 232 260 264 296 300 341 367 387 400 447 474 511 629 683 684 725 771 787 858 887 1006 1067 1082 1134 1179 1188 1249 1279 1282 1317 1324 1332 1345 1355 1401 1410 1561 1611 1640 1644 1645 1755 1786 1866 2028 2050 2065 2128 2197 2198 2201 2209 2232 2333 2466 2509 2555 2603 2737 2896 2910 2948 3031 3138 3217 3232 3318 3375 3405 3422 3433 3448 3491 3531 3545 3577 3711 3732 3737 3750 3769 3775 3781 3811 3856 3929 3968 3982 4143 4152 4164 4194 4203 4213 4260 4355 4407 4458 4460 4567 4605 4745 4760 4818 4824 4934 4993 5026 5075 5122 5134 5158 5200 5232 5237 5244 5268 5312 5337 5392 5434 5487 5490 5559 5562 5709 5769 5830 5851 5922 5941 5958 6119 6196 6340 6388 6426 6443 6449 6469 6574 6588 6617 6662 6693 6740 6744 6848 6850 6886 6897 6958 7010 7087 7113 7137 7194 7481 7496 7517 7540 7622 7646 7685 7761 7784 7853 7866 7882 7907 8086 8117 8154 8195 8206 8280 8287 8288 8368 8371 8394 8483 8518 8532 8536 8654 8656 8740 8886 8888 8917 8931 8979 8988 9037 9091 9159 9175 9214 9220 9293 9341 9369 9450 9515 9612 9694 9715 9726 9785 9791 9868 9898 9910 9987 10108 10267 10354 10403 10408 10427 10451 10457 10467 10591 10625 10645 10648 10665 10696 10764 10767 10887 10914 10923 10925 10935 10989 11060 11062 11099 11130 11215 11242 11324 11364 11382 11385 11412 11422 11449 11475 11527 11546 11670 11702 11721 11749 11944 12052 12065 12214 12225 12232 12233 12280 12458 12469 12547 12603 12608 12611 12617 12641 12689 12692 12709 12724 12728 12729 12770 12776 12818 12871 12906 15730 15755 15775 15784 15788 15804 15827 15833 15888 15890 15910 15915 15931 15935 15941 15942 15953 15956 15967 15974 15979 15989 16007 16016 16017 16035 16036 16043 16044 16057 16065 16078 16090 16120 16122 16131 16132 16137 16154 16156 16164 16165 16166 16177 16183 16204 16211 16215 16222 16228 16259 16262 16265 16275 16292 16293 16294 16298 16306 16310 16314 16321 16324 16327 16335 16346 16353 16354 16358 16367 16368 16371 16383 16388 16393 16412 16431 16432 16439 16448 16451 16458 16460 16464 16468 16475 16494 16499 16501 16507 16515 16525 16530 16532 16550 16560 16595 16599 16613 16630 18064 18065 18066 
	}

	weather = {
	}
}
