strategic_region = {
    id = 15
    name = "STRATEGICREGION_15"

    provinces = {
        56 206 436 647 789 940 1019 1109 1379 1507 1613 1759 1972 2155 2527 2545 2845 3259 3399 3434 3553 3607 3653 4159 4302 4340 4416 4461 5157 5285 5833 5940 5948 5956 6416 6430 6854 6992 7543 7574 7777 8406 8629 8783 8808 8854 9201 9252 9509 9959 10359 10361 10430 10688 10811 10854 11291 11506 11642 12231 12564 12642 12659 12859 12874 16939 16950 16995 17000 17018 17039 17040 17075 17095 17102 17133 17150 17152 
    }

    weather = {
    }
}
