strategic_region = {
	id = 16
	name = "STRATEGICREGION_16"

	provinces = {
		95 161 199 281 600 651 658 671 942 1042 1104 1193 1255 1439 1624 2216 2251 2319 2323 2331 2558 2571 2981 3022 3028 3286 3346 3351 3734 3928 3994 4083 4154 4247 4301 4351 4409 4492 4545 4616 4659 4769 4837 4875 4883 4983 5019 5124 5155 5391 5439 5721 5838 5950 5955 6033 6160 6305 6584 6644 6715 6845 7050 7204 7346 7537 7755 7899 7934 7952 8030 8101 8121 8189 8327 8355 8414 8416 8762 8975 9128 9464 9548 9625 9937 10130 10178 10196 10197 10312 10728 10924 11063 11202 11285 11547 11580 11582 11878 12063 12077 12251 12254 12304 12417 12450 12696 16602 16606 16669 16672 16675 16695 16710 16720 16726 16754 16760 16780 16793 16821 16831 16842 16849 16856 16859 16880 16885 16888 16910 16920 16972 16982 17008 17059 
	}

	weather = {
	}
}
