strategic_region = {
	id = 17
	name = "STRATEGICREGION_17"

	provinces = {
		251 373 411 435 494 597 767 924 955 1127 1172 1198 1278 1448 1499 1530 1633 1894 2019 2095 2316 2346 2369 2572 2656 2873 3085 3086 3127 3203 3296 3307 3530 3647 4116 4196 4470 4508 4530 4612 4828 4855 4921 4941 4957 5065 5104 5404 5426 5625 6060 6071 6089 6112 6173 6281 6384 6591 6738 6754 7108 7309 7709 7770 7863 8470 8509 8603 8652 8697 8832 8878 8889 9041 9075 9829 9830 10297 10514 10572 10588 10646 10705 10830 11112 11144 11149 11264 11384 11410 11417 11509 11569 11632 11681 11789 11924 12106 12132 12194 12209 12286 12437 12699 16976 17001 17029 17041 17044 17047 17054 17065 17072 17092 17109 17110 17112 17117 17123 17145 17153 17156 17158 17161 17164 17167 17172 17182 17186 
	}

	weather = {
	}
}
