strategic_region = {
	id = 18
	name = "STRATEGICREGION_18"

	provinces = {
		54 81 179 231 306 374 416 446 450 604 636 690 699 721 799 870 897 909 941 946 989 1247 1560 1617 1646 1658 1722 1807 1985 2030 2092 2102 2360 2389 2426 2433 2436 2491 2524 2528 2581 2584 2608 2636 2665 2705 2726 2741 2803 2804 2810 2815 2883 2942 3034 3051 3089 3106 3189 3223 3245 3255 3277 3285 3388 3410 3776 3920 3937 3976 4161 4237 4244 4328 4332 4343 4395 4515 4648 4714 4721 4746 4776 4782 4784 4795 4821 4863 4878 4887 4899 4904 4966 5197 5256 5433 5463 5491 5515 5547 5550 5682 5727 5799 5801 5821 5825 5878 5942 6172 6267 6289 6363 6379 6457 6483 6553 6589 6612 6822 6852 6860 6903 6973 7057 7208 7236 7320 7407 7462 7538 7667 7682 7743 7759 7826 7833 7933 7998 8075 8126 8140 8270 8325 8399 8488 8630 8727 8765 8932 8967 8969 8995 9058 9108 9198 9243 9322 9331 9354 9390 9493 9517 9555 9559 9583 9776 9861 9874 9876 9948 10059 10092 10094 10128 10235 10293 10377 10379 10404 10424 10535 10623 10841 10859 10875 10885 11003 11008 11165 11190 11193 11227 11231 11251 11374 11397 11421 11442 11479 11553 11601 11725 11782 11828 11861 11879 11951 12112 12117 12205 12219 12240 12281 12293 12298 12333 12371 12373 12431 12442 12474 12498 12539 12544 12581 12605 12623 12656 12780 12806 12816 12828 16766 16769 16777 16799 16804 16815 16832 16843 16844 16852 16860 16866 16869 16873 16875 16877 16881 16882 16889 16894 16903 16904 16916 16917 16923 16932 16934 16936 16943 16945 16947 16948 16952 16956 16958 16961 16965 16966 16969 16980 16983 16988 16989 16990 16991 16992 16993 16996 16997 16998 17002 17005 17016 17019 17021 17026 17028 17030 17032 17036 17037 17038 17043 17048 17049 17050 17060 17073 17074 17090 17093 17103 17115 17126 17131 17135 18167 
	}

	weather = {
	}
}
