strategic_region = {
	id = 19
	name = "STRATEGICREGION_19"

	provinces = {
		17 75 94 125 178 413 433 493 615 649 650 736 812 853 953 988 1036 1039 1048 1093 1145 1146 1154 1210 1347 1395 1396 1456 1521 1686 1709 1761 1890 1963 1994 2023 2125 2135 2150 2215 2221 2278 2384 2387 2418 2440 2452 2464 2533 2593 2600 2662 2663 2666 2675 2752 2754 2783 2784 2809 2817 2844 2958 2982 2990 2992 3023 3056 3154 3180 3194 3345 3349 3429 3469 3489 3525 3541 3599 3655 3697 3726 3741 3747 3774 3892 3895 3911 3936 3991 3993 4117 4132 4187 4222 4254 4263 4289 4543 4597 4609 4653 4781 4800 4838 4950 5029 5053 5142 5159 5161 5257 5299 5346 5436 5596 5664 5689 5748 5892 5994 6049 6087 6105 6129 6134 6253 6273 6283 6329 6374 6513 6514 6573 6593 6636 6637 6745 6776 6790 6837 6870 6884 6963 6984 7022 7071 7182 7238 7252 7294 7301 7306 7340 7349 7383 7388 7474 7505 7558 7570 7630 7669 7727 7778 7876 8000 8052 8053 8179 8291 8331 8356 8372 8381 8537 8679 8693 8700 8760 8763 8840 8849 8996 9005 9031 9085 9144 9205 9228 9289 9523 9569 9608 9609 9720 9722 9730 9781 9849 9916 9919 9923 9964 10022 10023 10025 10044 10069 10126 10151 10232 10352 10383 10407 10512 10561 10584 10598 10667 10833 10846 10857 10883 10915 10934 11044 11047 11061 11157 11164 11243 11249 11256 11335 11356 11415 11482 11486 11488 11522 11535 11561 11567 11572 11591 11595 11605 11674 11685 11759 11801 11808 11824 11884 11936 11970 12006 12010 12030 12221 12238 12249 12269 12278 12365 12381 12470 12483 12501 12510 12545 12551 12598 12633 12674 12756 12792 12793 12810 12814 12868 15938 15987 16010 16011 16062 16066 16068 16095 16098 16106 16111 16129 16146 16152 16176 16201 16202 16234 16281 16286 16301 16315 16350 16351 16369 16370 16384 16386 16398 16415 16427 16443 16446 16463 16469 16472 16484 16521 16547 16561 16581 16587 16616 16621 16639 16651 16693 16696 16721 16748 16750 16761 16762 16792 16807 16812 16825 16841 16845 16850 16861 16864 16871 16890 16901 16908 16912 16918 16925 16929 16930 16933 16953 16957 16967 17023 17045 17055 17087 17106 17201 17202 18105 18117 18118 
	}

	weather = {
	}
}
