
strategic_region={
	id=20
	name="STRATEGICREGION_20"
	provinces={
		187 190 211 236 249 568 966 1236 1246 1442 1496 1822 1945 2468 2702 3148 3310 3355 3396 3521 3551 4361 4482 4669 4750 4787 4995 5179 5228 6019 6295 6382 6395 6510 6759 6861 7036 7082 7229 7243 7692 7834 8138 8205 8476 8758 8835 8892 8912 9049 9193 9504 9734 9792 9858 10513 10594 10647 10917 11236 11246 12050 12268 12361 12655 12774 12910 17076 17081 17091 17094 17098 17107 17113 17116 17119 17122 17124 17125 17128 17130 17136 17140 17142 17146 17147 17148 17151 17159 17160 17165 17168 17169 17170 17171 17176 17178 17179 17183 17184 17191 
	}
	weather={
	}
}
