strategic_region = {
    id = 21
    name = "STRATEGICREGION_21"

    provinces = {
        133 388 612 1701 1727 1965 2377 2499 2707 2753 2871 3005 3202 3695 3941 4068 4226 4312 4455 4600 4701 4825 5181 5274 5478 5505 5561 5579 6225 6324 6435 6554 6599 6600 7153 7209 7348 7375 7546 7563 7625 7862 7897 7911 8084 8201 8316 8339 8425 8684 8778 8947 9151 9318 9389 9470 9742 9930 9936 9997 10051 11046 11178 11239 11889 12120 12524 15550 15619 15626 15644 15666 15683 15731 15733 15745 15747 15756 15757 15761 15763 15769 15785 15795 15808 15815 15838 15845 15849 15858 15872 15882 15902 15907 15908 15913 15918 15928 15945 15947 15950 16018 
    }

    weather = {
    }
}
