strategic_region = {
	id = 22
	name = "STRATEGICREGION_22"

	provinces = {
		58 108 611 673 697 856 874 986 1027 1298 1378 1409 1568 1708 1809 1816 1833 1846 1935 1959 2272 2357 2728 2730 2814 3032 3073 3095 3175 3226 3271 3292 3397 3436 3488 3627 3720 3927 4072 4556 4580 4588 4663 4667 4747 4755 4798 4903 4998 5101 5388 5637 5746 5796 6482 6639 7044 7212 7281 7324 7370 7376 7473 7639 7642 7643 7787 7823 7854 8032 8224 8286 8498 8736 8853 8914 9099 9313 9529 9629 9794 9815 9826 9901 9921 10202 10329 10568 10937 10938 11086 11182 11461 11555 11698 12062 12216 12257 12819 15010 15046 15067 15077 15133 15141 15155 15160 15172 15206 15209 15225 15226 15266 15272 15280 15305 15307 15319 15323 15409 15428 15458 15467 15572 15579 
	}

	weather = {
	}
}
