
strategic_region={
	id=22
	name="STRATEGICREGION_22"
	provinces={
		30 48 58 108 229 240 242 272 279 303 417 418 421 469 481 517 589 611 669 670 673 697 800 856 874 907 985 986 995 1027 1184 1200 1252 1298 1364 1378 1409 1426 1434 1487 1535 1551 1568 1664 1676 1708 1720 1731 1744 1809 1816 1833 1846 1902 1935 1951 1959 1961 1977 2000 2017 2107 2161 2230 2272 2357 2378 2579 2610 2647 2653 2728 2730 2740 2785 2802 2814 2846 2877 2900 3032 3042 3073 3095 3167 3173 3175 3205 3215 3226 3271 3279 3292 3301 3363 3394 3397 3409 3413 3436 3455 3486 3488 3503 3610 3615 3627 3720 3722 3890 3927 3930 3938 4018 4034 4072 4088 4176 4221 4279 4297 4348 4523 4556 4564 4580 4588 4663 4667 4682 4747 4755 4798 4799 4803 4810 4903 4920 4998 5042 5101 5112 5260 5277 5313 5388 5511 5570 5637 5740 5746 5771 5790 5796 5891 6020 6137 6180 6182 6186 6222 6282 6335 6423 6482 6545 6549 6615 6624 6639 6660 6743 6788 6813 6981 7044 7103 7118 7212 7281 7324 7326 7370 7376 7424 7433 7473 7494 7508 7525 7567 7621 7634 7639 7642 7643 7750 7762 7787 7823 7825 7854 7941 7991 8032 8108 8157 8224 8244 8274 8286 8310 8417 8418 8498 8503 8533 8736 8789 8853 8855 8914 8989 9034 9066 9099 9239 9255 9313 9345 9529 9629 9672 9762 9794 9799 9815 9826 9901 9921 9967 10046 10062 10083 10122 10202 10227 10264 10302 10329 10364 10417 10527 10529 10567 10568 10674 10682 10690 10743 10772 10852 10937 10938 10990 11086 11145 11182 11281 11414 11420 11461 11555 11694 11698 11716 11804 11894 11995 12062 12100 12216 12230 12257 12290 12291 12351 12444 12453 12465 12491 12583 12675 12701 12733 12762 12819 12830 12832 12836 12870 12877 12880 12885 14472 14487 14519 14528 14534 14561 14574 14578 14594 14599 14600 14605 14629 14639 14649 14665 14672 14716 14718 14721 14728 14736 14751 14753 14782 14783 14788 14791 14860 14871 14899 14902 14914 14927 14934 14956 15010 15023 15028 15041 15046 15067 15077 15085 15098 15133 15137 15141 15149 15155 15160 15172 15190 15206 15209 15217 15225 15226 15266 15271 15272 15280 15297 15305 15307 15319 15323 15356 15363 15380 15403 15409 15415 15423 15428 15440 15458 15467 15484 15491 15556 15572 15575 15579 15580 15636 15640 15680 
	}
	weather={
	}
}
