
strategic_region={
	id=23
	name="STRATEGICREGION_23"
	provinces={
		5 119 4010 129 183 218 262 15406 8456 9032 15857 2245 15798 15735 590 9696 15642 10745 15749 4330 11626 4987 15654 15656 15814 15639 6730 1984 15778 4738 15732 10084 12928 3475 7501 2449 5581 11278 8420 2154 9051 531 9258 8434 3715 3132 15742 9624 2513 12591 4660 6666 11492 15682 8252 4645 6378  2589 15803 9155 12671 8430 4380 7400 15565 10620 15801 15779 7729 16013 11998 15826 10995 15617 9481 7577 3931 12472 15488 3018 4102 12530 15949 11559 15711 15767 5743 15505  269 15525 2471 3313 1420 957 12049 4122 15955 10116 6228 3862 12562 7547 554 15670 2156 5871 11999 6427 12229 6928 2044 8423 10222 10231 7579 15606 15532 6889 10788 15863 9581 11728 4763 8552 508 2193  15631 62 12108 15574 15595 288 354 398 485 495 549 630 665 715 726 752 830 890 898 1086 1123 1128 1156 1263 1297 1336 1398 1399 1430 1473 1572 1598 1638 1668 1688 1707 1719 1812 1815 1824 1918 1968 1998 2007 2194 2273 2317 2322 2325 2365 2379 2392 2590 2619 3019 3041 3055 3227 3243 3266 3424 3430 3485 3497 3617 3667 3727 3736 3803 3816 3831 4071 4114 4192 4334 4369 4393 4408 4528 4646 4661 5217 5220 5270 5593 5659 5716 5760 5763 5810 5834 5837 5870 5889 5968 5982 6018 6037 6114 6209 6255 6432 6548 6699 6717 6734 6756 6878 6966 6974 6990 7045 7047 7207 7214 7228 7234 7357 7368 7412 7444 7490 7686 7733 7798 7800 7904 7959 7986 8020 8061 8067 8104 8187 8193 8284 8390 8407 8429 8512 8535 8554 8575 8605 8637 8665 8701 8706 8885 8890 8913 8965 8973 9062 9064 9087 9135 9148 9362 9371 9475 9588 9662 9855 9867 10017 10076 10112 10230 10333 10472 10543 10551 10589 10640 10659 10725 10733 10754 10806 10957 10966 11079 11171 11201 11257 11496 11523 11564 11577 11658 11668 11677 11706 12002 12109 12118 12155 12245 12347 12355 12374 12399 12423 12508 12527 12599 12602 12606 12653 12914 14663 14666 14713 14726 14749 14807 14830 14841 14865 14884 14920 14935 14944 14974 14979 14980 15004 15014 15047 15078 15081 15088 15101 15112 15113 15129 15142 15144 15150 15179 15180 15184 15193 15213 15216 15221 15228 15245 15247 15259 15273 15281 15292 15296 15318 15324 15325 15332 15333 15343 15367 15388 15404 15411 15418 15424 15432 15434 15441 15449 15462 15463 15464 15469 15479 15485 15486 15495 15513 15514 15527 15561 15564 15582 15591 15633 15638 15669 18128 18130 18131 18204 18205 18206 18207 18208 18209 18210 18211 18212 18213 18214 18215 18216 18218 18219 
	}
	naval_terrain=water_fjords
	weather={
	}
}
