strategic_region = {
	id = 23
	name = "STRATEGICREGION_23"

	provinces = {
		5 119 531 554 590 630 665 726 752 890 898 1123 1128 1297 1336 1398 1399 1668 1688 1707 1719 1815 1918 1919 1984 2007 2154 2156 2245 2379 2449 2513 2589 2619 3018 3019 3132 3227 3475 3497 3533 3715 3736 3803 3816 3862 3931 4010 4102 4192 4330 4334 4379 4380 4408 4645 4660 4661 4738 4987 5217 5220 5270 5581 5593 5659 5743 5760 5837 5871 5889 6037 6114 6255 6378 6427 6666 6730 7045 7207 7228 7234 7357 7400 7444 7490 7501 7577 7686 7729 7904 8061 8187 8193 8252 8284 8390 8407 8420 8430 8434 8456 8554 8575 8605 8885 9032 9051 9062 9064 9135 9155 9258 9362 9371 9481 9588 9624 9662 9696 9855 9867 10017 10084 10112 10472 10543 10589 10620 10640 10725 10733 10745 10754 10806 10966 10995 11257 11278 11492 11496 11523 11559 11564 11626 11658 11668 11998 11999 12155 12245 12374 12423 12472 12527 12530 12562 12591 12671 12914 12928 13145 13181 13184 13269 13292 13338 14663 14666 14713 14726 14749 14807 14830 14841 14865 14920 14935 14944 14980 15014 15047 15078 15081 15101 15129 15179 15180 15193 15213 15247 15259 15273 15292 15296 15324 15325 15332 15333 15367 15406 15411 15418 15432 15462 15488 15505 15565 15617 15639 15642 15654 15656 15670 15682 15711 15732 15735 15742 15749 15767 15778 15779 15798 15801 15803 15814 15826 15857 15949 16013 18128 18130 18131 18212 18213 18214 18215 18216 18218 18219 19518 19519 19520 
	}

	weather = {
	}
}
