strategic_region = {
	id = 24
	name = "STRATEGICREGION_24"

	provinces = {
		4 6 40 80 112 120 214 273 283 319 321 326 456 577 583 635 692 756 757 832 854 871 905 923 925 952 968 1018 1075 1107 1143 1152 1163 1221 1235 1269 1275 1285 1304 1316 1323 1337 1356 1441 1480 1494 1529 1564 1631 1641 1787 1789 1795 1805 1853 1871 1876 1889 1908 1964 1999 2006 2086 2091 2105 2124 2142 2173 2191 2241 2281 2287 2296 2329 2348 2381 2385 2386 2446 2536 2606 2649 2734 2742 2759 2796 2838 2875 2930 2939 2963 2999 3017 3060 3077 3108 3115 3207 3233 3239 3256 3264 3303 3343 3402 3450 3487 3596 3613 3645 3650 3671 3682 3704 3718 3759 3766 3814 3826 3827 3832 3836 3852 3893 3942 3953 3956 3965 4007 4026 4047 4058 4163 4184 4202 4206 4220 4233 4258 4261 4280 4350 4364 4441 4453 4456 4493 4498 4518 4549 4553 4569 4590 4603 4636 4699 4744 4749 4774 4868 4879 4882 4889 4894 4900 4931 5003 5076 5151 5227 5234 5275 5304 5390 5398 5419 5425 5427 5440 5455 5470 5484 5493 5502 5507 5513 5524 5532 5620 5681 5690 5717 5729 5754 5779 5859 5897 5910 5928 5979 6015 6023 6070 6075 6133 6135 6164 6229 6233 6308 6370 6409 6424 6492 6493 6494 6499 6580 6592 6609 6619 6632 6658 6682 6708 6724 6752 6791 6831 6849 6932 6933 6960 7035 7041 7054 7067 7089 7092 7112 7133 7253 7361 7378 7387 7408 7442 7529 7576 7595 7627 7637 7720 7724 7940 7942 8009 8050 8060 8080 8088 8103 8228 8233 8279 8285 8300 8333 8350 8364 8424 8431 8449 8461 8466 8469 8474 8501 8510 8521 8547 8558 8561 8590 8591 8613 8669 8677 8743 8779 8784 8804 8816 8819 8852 8924 8941 8949 8958 8991 8993 9006 9022 9046 9063 9096 9098 9106 9121 9162 9169 9235 9246 9276 9339 9351 9356 9359 9398 9402 9423 9429 9433 9451 9538 9544 9553 9566 9568 9577 9582 9607 9614 9635 9637 9638 9668 9693 9698 9728 9839 9879 9928 9956 10001 10015 10042 10057 10104 10118 10120 10146 10157 10188 10200 10256 10272 10273 10276 10313 10355 10356 10375 10390 10419 10426 10452 10478 10481 10522 10557 10627 10644 10681 10699 10708 10719 10720 10739 10758 10762 10778 10790 10870 10890 10944 10953 10960 10965 10975 10988 10999 11050 11071 11118 11136 11142 11192 11207 11218 11304 11305 11314 11334 11346 11353 11441 11587 11599 11603 11630 11636 11653 11672 11683 11700 11717 11779 11803 11855 11866 11882 11886 11906 11949 12008 12069 12152 12169 12200 12206 12210 12255 12321 12325 12329 12349 12357 12517 12529 12553 12574 12639 12651 12663 12682 12715 12795 12796 12798 12803 12811 12837 12884 12992 13005 13037 13042 13072 13085 13099 13123 13133 13146 13156 13171 13216 13220 13262 13290 13302 13308 13309 13323 13341 13368 13392 13413 15530 15573 15581 15583 15594 15598 15604 15620 15629 15648 15649 15655 15660 15672 15684 15694 15696 15705 15710 15713 15720 15739 15740 15753 15754 15759 15762 15773 15791 15792 15797 15800 15809 15810 15812 15817 15819 15828 15836 15839 15846 15850 15861 15862 15864 15867 15868 15881 15883 15885 15886 15891 15894 15895 15896 15916 15920 15921 15922 15923 15925 15926 15930 15932 15933 15939 15952 15958 15959 15965 15972 15975 15980 15981 15993 15997 16000 16005 16019 16023 16047 16049 16050 16052 16061 16063 16069 16077 16083 16087 16091 16093 16094 16096 16101 16107 16108 16112 16121 16126 16127 16139 16143 16167 16169 16184 16188 16203 16205 16206 16207 16213 16225 16227 16240 16244 16245 16246 16251 16267 16269 16279 16280 16282 16284 16291 16307 16312 16319 16326 16328 16329 16337 16342 16374 16375 16397 16409 16420 16433 16434 16441 16459 16495 16508 17195 18067 18068 18069 18290 18399 18400 18404 18405 18407 18408 18409 18410 18411 18412 18413 18414 18415 18416 18417 18418 18419 18420 18530 18531 18532 18533 18751 18752 18753 18758 18759 18760 18762 18763 18779 18780 18781 18782 18783 18784 18812 19337 19338 19339 19340 19341 19342 19343 19344 19377 19378 19379 
	}

	weather = {
	}
}
