strategic_region = {
    id = 25
    name = "STRATEGICREGION_25"

    provinces = {
        328 2458 934 1250 1481 1557 2349 4606 2432 4087 2697 2890 2906 2989 3338 2568 4651 4856 8377 8722 5048 5287 5355 5496 5647 5671 5880 6074 6922 7070 7109 7753 7760 7799 3861 8639 8751 18107 11914 9961 9963 10357 11229 11529 11690 12193 16577 16482 16505 16506 16549 16558 16572 16607 16618 18104 9843 16656 16659 16662 16678 16685 16718 16719 16763 16775 16800 18095 18096 18101 18102 16625 16756 
    }

    weather = {
    }
}
