strategic_region = {
	id = 26
	name = "STRATEGICREGION_26"

	provinces = {
		37 49 52 110 228 259 298 308 489 500 546 552 602 657 666 707 723 875 1028 1030 1046 1057 1073 1079 1144 1162 1202 1209 1215 1229 1241 1277 1305 1320 1350 1367 1432 1433 1477 1489 1594 1675 1679 1680 1732 1748 1756 1834 1854 1857 1870 1885 1886 1962 1989 2052 2063 2134 2151 2163 2275 2279 2292 2341 2370 2404 2477 2534 2551 2575 2576 2588 2602 2661 2664 2676 2679 2684 2736 2748 2775 2800 2821 2839 2891 2923 2950 2960 2973 2979 3003 3012 3053 3096 3121 3126 3128 3179 3181 3187 3213 3216 3312 3317 3352 3353 3370 3440 3459 3472 3478 3498 3499 3561 3568 3640 3693 3703 3709 3716 3744 3848 3869 3878 3932 3946 3960 4005 4023 4212 4266 4299 4304 4308 4356 4365 4372 4389 4418 4430 4503 4514 4552 4586 4604 4627 4633 4681 4695 4709 4823 4848 4850 4872 4877 4892 4908 5023 5036 5044 5055 5078 5132 5215 5226 5315 5411 5432 5464 5466 5486 5492 5519 5534 5554 5575 5670 5719 5730 5759 5829 5832 5946 6002 6088 6094 6104 6170 6203 6261 6277 6312 6356 6385 6401 6453 6487 6495 6560 6570 6686 6778 6843 6853 6877 6879 6950 6971 6977 7031 7075 7093 7158 7200 7205 7275 7312 7332 7337 7367 7447 7498 7559 7608 7626 7754 7794 7819 7828 7867 7877 7937 8012 8015 8017 8045 8096 8110 8124 8137 8175 8210 8234 8307 8338 8344 8493 8523 8640 8642 8651 8713 8715 8734 8806 8821 8880 8904 8927 8937 9012 9014 9183 9216 9261 9302 9374 9391 9426 9428 9533 9543 9587 9606 9745 9764 9788 9836 9846 9877 9887 9902 9946 9976 9995 10020 10082 10097 10144 10187 10224 10233 10241 10309 10318 10416 10479 10503 10563 10579 10587 10613 10618 10630 10740 10794 10809 10831 10834 10849 10860 10899 10945 10967 10978 11000 11039 11058 11080 11156 11181 11262 11272 11273 11275 11303 11390 11405 11426 11428 11438 11515 11550 11597 11631 11634 11718 11763 11772 11850 11856 11872 11883 11907 11940 11963 11966 12012 12015 12019 12038 12074 12089 12135 12150 12181 12260 12284 12296 12323 12375 12384 12413 12493 12495 12509 12546 12561 12597 12650 12691 12754 12808 12865 12886 12893 14342 14351 14364 14388 14392 14436 14444 14447 14478 14479 14488 14510 14513 14514 14523 14531 14545 14548 14577 14581 14586 14588 14589 14596 14609 14622 14623 14646 14654 14655 14667 14689 14692 14695 14702 14703 14704 14706 14727 14734 14747 14762 14768 14769 14770 14771 14772 14773 14774 14778 14800 14804 14808 14814 14817 14824 14834 14835 14843 14846 14847 14856 14866 14868 14879 14888 14889 14891 14892 14893 14897 14900 14907 14915 14921 14923 14939 14940 14941 14947 14957 14958 14970 14971 14981 14993 14998 15000 15024 15035 15036 15037 15042 15053 15068 15072 15073 15089 15103 15119 15128 15151 15154 15157 15167 15174 15176 15185 15194 15203 15204 15214 15229 15233 15238 15252 15274 15288 15298 15313 15320 15327 15334 15348 15354 15365 15371 15374 15381 15394 15400 15413 15422 15427 15437 15442 15478 15492 15508 15515 15539 15570 15584 18262 18263 18264 18265 18266 18267 18961 18962 18963 19004 19005 19006 19007 19008 19009 19010 19011 19012 19013 19014 19015 19016 19017 19018 19019 19020 19021 19022 19023 19025 19026 19027 19028 19029 19030 19031 19032 19033 19034 19035 19036 19037 19038 19039 19040 19041 19042 19043 19044 20065 
	}

	weather = {
	}
}
