strategic_region = {
	id = 27
	name = "STRATEGICREGION_27"

	provinces = {
		27 71 127 297 313 324 358 376 566 581 598 729 743 770 823 825 1061 1185 1211 1322 1513 1612 1629 1639 1690 1803 1861 2014 2047 2177 2243 2340 2443 2461 2529 2670 2828 2887 2936 2987 3134 3158 3253 3295 3362 3398 3473 3482 3537 3540 3590 3767 3800 3807 3978 3984 4127 4209 4313 4336 4448 4474 4551 4617 4727 4739 5156 5273 5311 5328 5504 5568 5791 5863 5895 5999 6121 6162 6231 6238 6262 6302 6410 6431 6472 6489 6555 6605 6763 6769 6811 6868 6938 7028 7056 7188 7189 7216 7278 7372 7390 7418 7479 7604 7606 7619 7818 7926 8051 8241 8254 8517 8680 8717 8767 8795 8866 8882 8953 9122 9304 9347 9367 9386 9422 9461 9600 9685 9713 9725 9801 9804 9859 10008 10014 10343 10409 10411 10633 10661 10716 10789 10827 10873 10878 10921 10997 11017 11051 11075 11260 11293 11393 11395 11512 11517 11545 11647 11661 11766 11796 11798 11843 11873 11961 11978 12028 12119 12140 12199 12244 12287 12299 12376 12502 12533 12596 12635 12891 12964 12999 13030 13140 13206 13422 13476 13532 13740 13776 14111 14329 14338 14415 14437 14476 14507 14651 14744 14820 14845 14912 14917 14969 14973 15951 15963 15988 15991 16025 16055 16072 16075 16089 16119 16123 16151 16163 16190 16199 16235 16256 16260 16325 16343 16360 16361 16364 16377 16405 16417 16425 16438 16444 16447 16450 16471 16488 16489 16496 16500 16502 16511 16513 16522 16529 16538 16545 16546 16556 16562 16571 16575 16576 16578 16588 17140 17176 17196 17198 17781 17784 18396 18397 18398 18401 18402 18403 18785 18786 18807 18808 18810 18811 18840 18841 
	}

	weather = {
	}
}
