strategic_region = {
    id = 27
    name = "STRATEGICREGION_27"

    provinces = {
        27 1887 825 127 162 297 324 376 729 2014 743 951 1649 1185 1211 1322 1397 1495 1513 823 1553 2100 3295 5895 2177 2340 2427 2443 2529 2642 2670 3321 2682 2904 2936 2944 2978 3134 3158 3225 3253 2828 1612 3333 3437 3992 3537 3590 3594 3767 3782 3800 3807 3500 3984 4739 4209 4291 4336 4376 4436 4474 4723 4127 4978 5111 5876 3473 5471 5115 5156 5183 5273 5286 5300 5311 5328 5530 5016 5544 5565 5568 5705 5714 5791 5863 5972 5999 6014 10442 6741 6121 6162 6251 6262 6333 6410 6605 7504 6668 7323 6789 6919 7056 7188 7216 7254 7279 6763 7619 7818 9178 9238 7827 7926 7932 8312 8442 8611 8634 8680 8738 8757 8794 8866 8869 8882 8953 9104 9118 9122 7318 4727 9209 18811 9859 9461 9600 9649 9666 9685 9713 9725 10506 9801 10468 9955 10008 10145 10201 10341 10386 10409 9914 10633 10716 11793 9367 10789 10878 10921 10997 11051 11075 11114 11352 11393 11407 11440 11500 11512 11517 11545 11647 11735 11743 9304 17855 11798 11843 12140 11891 11961 11969 11978 11979 12028 12093 12582 12119 12533 12244 12292 12301 12353 12393 12457 12468 12199 12502 12610 16109 12825 12866 12891 15934 15951 15963 15988 15991 12797 15995 16051 16055 16064 16072 16073 16075 16084 16089 16025 16119 16123 16133 16147 16151 16153 16163 16171 16173 16174 16178 16182 16190 16199 16216 16221 16223 16224 16235 16241 16243 16249 16144 16253 16260 16361 16261 16274 16325 16330 16333 16338 16343 16360 16364 16256 16377 16405 16406 16417 16423 16425 16438 16444 16447 11873 16450 16488 16529 16489 16492 16496 16500 16502 16511 16513 17196 16522 16588 16545 16546 16556 16562 16571 16575 16576 16538 17197 17198 18401 16471 17439 17781 17784 17852 18385 18386 18387 18388 18389 18390 18391 18392 18393 18394 18395 18396 18397 18398 16578 11821 18402 18406 18422 18423 18424 18425 18426 18427 18428 18429 18430 18431 18432 18433 18434 18435 18436 18437 18438 18439 18440 18421 18441 18443 18454 18444 18446 18447 18448 18450 18451 18452 18453 18455 18442 18462 18463 18785 18786 18807 18808 18809 18810 18403 17855 
    }

    weather = {
    }
}
