strategic_region = {
    id = 28
    name = "STRATEGICREGION_28"

    provinces = {
        186 361 385 501 620 742 4137 744 1049 1228 1291 1312 1334 1451 1647 814 325 202 1698 1705 2220 2304 2463 2481 2563 2613 2709 18126 2946 3049 3201 3859 3902 3933 2109 1937 2996 2187 4147 7616 4584 4724 4832 4840 4851 4172 5010 5079 5499 5636 6026 6313 6488 6579 5072 4378 4337 6957 7117 7674 7718 7945 7970 8093 8111 8156 4294 8841 8891 8902 8960 9134 9287 7582 7291 8870 17593 9477 9743 10604 10608 10687 10711 10787 10893 10959 11105 11115 11140 11200 11309 11429 11530 11806 10378 11780 11912 16738 12436 12690 12771 12831 12862 16175 16598 16740 16644 16694 16702 16716 16723 16730 16736 12141 16691 9590 16744 17340 16795 16797 16806 16816 16822 9845 16828 16846 16848 16855 16857 16867 16868 16879 16833 16789 16786 16891 16895 17341 17517 17688 18079 18080 18081 18082 16751 18084 18120 18121 18123 18124 18125 17213 16919 18086 17593 
    }

    weather = {
    }
}
