strategic_region = {
	id = 29
	name = "STRATEGICREGION_29"

	provinces = {
		15511 17204 17205 17214 17215 17216 17217 17221 17223 17224 17226 17227 17230 17231 17232 17235 17236 17239 17240 17241 17243 17244 17247 17249 17251 17252 17257 17259 17260 17264 17265 17266 17267 17269 17270 17273 17274 17275 17276 17279 17282 17289 17293 17297 17298 17299 17301 17302 17306 17308 17309 17311 17314 17315 17317 17318 17320 17322 17323 17324 17325 17327 17328 17329 17331 17332 17336 17337 17338 17346 17348 17352 17355 17356 17358 17359 17361 17362 17363 17365 17366 17367 17368 17369 17370 17371 17372 17375 17377 17379 17380 17381 17383 17385 17388 17389 17390 17392 17395 17399 17400 17401 17404 17407 17409 17418 17420 17421 17422 17424 17425 17426 17429 17430 17432 17434 17440 17441 17443 17444 17446 17450 17451 17452 17453 17454 17455 17461 17464 17465 17466 17467 17468 17469 17470 17472 17473 17474 17477 17478 17480 17482 17483 17487 17488 17489 17494 17497 17498 17502 17504 17505 17514 17518 17520 17524 17525 17526 17529 17530 17531 17532 17533 17534 17535 17537 17538 17541 17543 17545 17546 17548 17550 17551 17554 17556 17557 17559 17560 17561 17563 17564 17565 17566 17567 17570 17571 17572 17575 17577 17578 17580 17584 17585 17586 17587 17588 17591 17592 17595 17596 17600 17601 17605 17607 17609 17612 17617 17620 17621 17622 17625 17626 17630 17631 17632 17634 17637 17643 17644 17647 17649 17650 17651 17652 17653 17654 17655 17659 17662 17663 17665 17667 17668 17670 17673 17674 17678 17680 17682 17684 17685 17686 17689 17690 17691 17692 17694 17695 17696 17698 17699 17700 17702 17703 17705 17706 17707 17709 17710 17713 17714 17716 17721 17726 17727 17728 17729 17732 17733 17734 17736 17737 17738 17741 17744 17745 17746 17747 17748 17749 17750 17751 17752 17753 17754 17755 17756 17758 17762 17767 17770 17771 17772 17773 17776 17778 17780 17786 17787 17788 17789 17790 17791 17792 17795 17796 17797 17800 17806 17808 17810 17812 17813 17814 17815 17816 17817 17821 17822 17850 17856 17858 17859 17861 17862 17864 17865 17868 17869 17870 17872 17874 17876 17879 17885 17886 17887 17888 17889 17891 17892 17893 17894 17895 17896 17898 17899 17900 17901 17902 17904 17906 17907 17908 17909 17910 17913 17915 17917 17918 17919 17920 17921 17922 17923 17924 17925 17926 17927 17929 17930 17931 17933 17934 17935 17936 17937 17941 18232 18842 18843 
	}

	weather = {
	}
}
