strategic_region = {
	id = 29
	name = "STRATEGICREGION_29"

	provinces = {
		17227 17230 17232 17239 17240 17251 17257 17273 17282 17289 17293 17306 17329 17331 17346 17358 17359 17365 17367 17369 17371 17372 17377 17379 17383 17401 17407 17414 17418 17422 17424 17431 17441 17446 17450 17455 17472 17482 17489 17494 17518 17520 17535 17538 17545 17548 17556 17557 17560 17577 17578 17591 17592 17596 17609 17612 17621 17630 17632 17652 17659 17670 17678 17691 17707 17709 17716 17721 17729 17738 17746 17753 17767 17772 17791 17792 17795 17797 17800 17806 17812 17817 17822 17848 17850 17856 17858 17859 17861 17862 17864 17865 17868 17869 17870 17872 17874 17876 17879 17886 18232 
	}

	weather = {
	}
}
