strategic_region = {
    id = 30
    name = "STRATEGICREGION_30"

    provinces = {
        17210 17212 17225 17246 17250 17253 17256 17258 17268 17272 17277 17278 17283 17284 17287 17290 17295 17296 17305 17313 17339 17342 17349 17351 17357 17360 17364 17373 17374 17376 17386 17387 17393 17396 17397 17408 17413 17417 17427 17433 17438 17442 17460 17471 17475 17479 17485 17503 17506 17513 17516 17523 17540 17542 17553 17583 17594 17599 17606 17615 17616 17623 17627 17628 17640 17646 17657 17671 17672 17676 17679 17681 17704 17711 17715 17730 17731 17735 17763 17766 17774 17777 17783 17785 17799 17802 17804 17805 17807 17818 17820 17845 17846 17847 17849 17851 17854 17857 17860 17863 17866 17867 17873 17875 17880 
    }

    weather = {
    }
}
