strategic_region = {
	id = 31
	name = "STRATEGICREGION_31"

	provinces = {
		29 50 96 122 126 174 193 195 221 378 437 603 619 633 641 714 761 776 788 801 810 888 954 1023 1043 1092 1114 1142 1164 1238 1353 1372 1381 1385 1427 1458 1492 1509 1517 1539 1581 1584 1600 1622 1623 1650 1661 1689 1724 1751 1792 1913 1932 1934 1969 1991 2022 2074 2117 2144 2257 2262 2264 2300 2326 2332 2334 2451 2459 2503 2510 2601 2761 2861 2892 2927 2955 3061 3169 3236 3281 3290 3386 3391 3579 3637 3642 3787 3822 3850 3863 3888 3975 4009 4076 4086 4123 4141 4271 4371 4383 4400 4451 4602 4649 4674 4680 4761 4865 4910 4947 4962 4969 4975 5074 5133 5149 5171 5191 5283 5342 5403 5407 5435 5454 5488 5548 5715 5731 5733 5862 5890 5981 6003 6039 6084 6113 6147 6171 6208 6219 6271 6280 6327 6330 6338 6343 6351 6419 6512 6577 6711 6780 6841 6846 6914 7046 7085 7185 7307 7339 7392 7403 7411 7448 7451 7594 7690 7708 7737 7758 7763 7772 7938 7950 8031 8085 8118 8139 8149 8151 8197 8203 8212 8225 8295 8324 8336 8363 8373 8487 8544 8661 8728 8766 8781 8824 8825 8831 8877 8950 8963 8986 9089 9164 9212 9241 9265 9305 9323 9330 9392 9393 9521 9589 9641 9653 9703 9737 9748 9990 10012 10054 10091 10213 10401 10414 10441 10476 10507 10526 10558 10560 10577 10632 10656 10695 10756 10780 10940 10947 10980 10986 11011 11034 11057 11084 11121 11255 11519 11576 11584 11627 11686 11765 11864 12124 12176 12180 12270 12307 12312 12319 12403 12420 12430 12455 12484 12552 12607 12630 12644 12647 12679 12685 12700 12723 12745 12755 12768 12804 12821 12838 12858 13045 13129 13245 13326 13363 13370 13373 13504 13545 13548 13571 13641 13666 13674 13691 13693 14396 14440 14442 14503 14557 14567 14595 14598 14732 14760 14799 14805 14942 14955 14961 15017 15022 15082 15108 15181 15182 15188 15355 15474 15504 15519 15585 15586 15597 15665 15677 15685 15716 15737 15748 15750 15768 15780 15806 15822 15830 15831 15856 15874 15889 15897 15924 15964 15966 15976 16008 16034 16038 16045 16070 16081 16105 16114 16125 16185 16210 16217 16219 16229 16237 16285 16302 16316 16366 16379 17207 17316 17664 17677 17940 18122 18127 18129 18135 18136 18137 18138 18139 18140 18146 18147 18148 18149 18150 18151 18152 18153 18154 18155 18156 18157 18158 18159 18160 18161 18162 18163 18233 18291 18292 18293 18294 18295 18297 18298 18299 18300 18301 18302 18303 18305 18306 18307 18308 18309 18310 18311 18312 18313 18314 18315 18316 18445 18449 18456 18457 18458 18459 18460 18461 18464 18465 18466 18467 18468 18469 18470 18471 18472 18473 18474 18475 18476 18477 18478 18479 18480 18482 18483 18484 18485 18486 18487 18488 18489 18490 18491 18492 18493 18494 18495 18496 18497 18498 18499 18500 18501 18502 18503 18504 18505 18506 18507 18508 18509 18510 18511 18512 18513 18520 18521 18522 18523 18524 18526 18527 18528 18529 18534 18535 18536 18537 18538 18539 18541 18542 18543 18544 18545 18546 18548 18549 18550 18551 18552 18553 18554 18555 18556 18557 18558 18559 18560 18561 18562 18563 18564 18565 18566 18568 18569 18570 18571 18572 18573 18574 18575 18576 18577 18578 18579 18580 18581 18582 18583 18584 18585 18586 18587 18588 18589 18590 18591 18592 18593 18594 18595 18596 18597 18598 18599 18600 18601 18602 18603 18604 18606 18607 18608 18609 18610 18611 18612 18613 18614 18615 18616 18617 18618 18619 18620 18621 18622 18623 18624 18625 18626 18627 18628 18629 18630 18631 18632 18633 18634 18635 18636 18637 18638 18640 18641 18642 18643 18644 18645 18646 18647 18648 18649 18651 18652 18654 18655 18666 18674 18675 18683 18688 18689 18690 18691 18692 18693 18694 18695 18696 18697 18698 18701 18702 18703 18737 18738 18739 18740 18741 18742 18743 18749 18750 18766 18767 18768 18769 18770 18771 18772 18773 18774 18775 18776 18777 18778 18795 18796 18797 18798 18799 18800 18801 18802 18803 18813 
	}

	weather = {
	}
}
