
strategic_region={
	id=31
	name="STRATEGICREGION_31"
	provinces={
		50 96 122 195 318 342 434 524 619 634 641 701 801 810 888 944 1015 1339 1353 1374 1517 1559 1630 1650 1661 1682 1724 1751 1850 1879 1934 1938 1971 2022 2257 2262 2264 2295 2326 2334 2451 2459 2510 2530 2601 2605 2744 2826 2834 2876 2892 3046 3090 3169 3236 3456 3493 3578 3641 3642 3674 3751 3770 3787 3792 3819 3822 4030 4076 4086 4100 4115 4141 4271 4371 4383 4451 4487 4644 4670 4905 4910 4928 4969 4975 4989 5031 5074 5133 5171 5208 5403 5454 5548 5715 5758 5772 5961 6031 6072 6084 6113 6147 6171 6208 6271 6327 6330 6351 6368 6398 6406 6512 6577 6720 6780 6902 6908 7046 7065 7066 7097 7162 7178 7307 7342 7350 7392 7399 7448 7451 7594 7673 7697 7749 7758 7763 7772 8016 8033 8102 8118 8144 8149 8197 8433 8477 8487 8508 8544 8690 8746 8766 8825 8877 8895 8898 8899 9055 9089 9095 9212 9241 9265 9330 9332 9521 9589 9641 9646 9653 9737 9958 10012 10091 10304 10346 10384 10401 10414 10441 10453 10510 10526 10617 10756 10800 10891 10971 11011 11021 11084 11121 11173 11252 11255 11274 11513 11533 11609 11646 11686 11727 11729 11807 11846 12016 12086 12095 12124 12133 12176 12319 12359 12389 12403 12420 12430 12494 12516 12552 12569 12607 12630 12634 12644 12679 12685 12723 12755 12826 12922 15200 15268 15306 15350 15366 15377 15378 15445 15470 15483 15502 15526 15529 15545 15552 15553 15585 15613 15618 15622 15643 15647 15657 15665 15685 15690 15716 15717 15725 15734 15737 15748 15768 15770 15777 15780 15781 15806 15830 15831 15847 15856 15865 15874 15875 15889 15897 15924 15943 15964 15966 15976 16008 16038 16045 16070 16114 16125 16210 16229 18122 18127 18129 18134 18135 18136 18137 18138 18139 18140 18143 18144 18145 18146 18147 18148 18149 18150 18151 18152 18153 18154 18155 18156 18157 18158 18159 18160 18161 18162 18163 18233  18291 18292 18293 18294 18295 18296 18297 18298 18299 18300 18301 18302 18303 18304 18305 18306 18307 18308 18309 18310 18311 18312 18313 18314 18315 18316 18456 18457 18458 18459 18460 18461 18464 18455 5286 18465 18449 18445 18466 18467 18468 18469 18470 18471 18472 18473 18474 18475 18476 18477 18478 18479 18480 18481 18482 18483 18484 18485 18486 18487 18488 18489 18490 18491 18492 18493 18494 18495 18496 18497 18498 18499 18500 18501 18502 18503 18504 18505
	}
	weather={
	}
}
