strategic_region = {
    id = 32
    name = "STRATEGICREGION_32"

    provinces = {
        32 267 396 405 516 521 527 576 672 775 930 1012 1217 1220 1554 1655 1714 1802 1903 1929 2113 2145 2152 2289 2311 2658 2672 2720 2723 2807 2854 2863 2874 2879 3002 3107 3124 3461 3511 3547 3635 3686 3691 4103 4197 4198 4235 4286 4386 4504 4546 4555 4568 4668 4804 4854 4923 5002 5014 5109 5152 5177 5201 5400 5921 6010 6130 6157 6260 6334 6547 6568 6692 6794 6814 6953 6967 7007 7048 7123 7233 7381 7598 7873 7891 8025 8056 8133 8182 8239 8328 8557 8577 8641 8836 8883 8926 8954 9283 9307 9446 9751 9884 9934 9969 10010 10136 10433 10894 11013 11020 11208 11235 11378 11480 11568 11737 11838 11842 11877 11965 11968 12111 12126 12147 12160 12195 12411 12421 12433 12558 12579 12716 12725 12738 12751 15771 15786 15818 15854 15871 15880 15892 15901 15905 15999 16020 16024 16026 16029 16046 16056 16060 16086 16097 16138 16155 16162 16181 16198 16208 16220 16226 16287 16295 16299 16311 16356 16380 16387 16440 16524 16605 16617 16729 
    }

    weather = {
    }
}
