strategic_region = {
    id = 33
    name = "STRATEGICREGION_33"

    provinces = {
        85 135 136 139 152 153 172 181 208 293 302 314 320 345 128 348 366 383 409 419 428 440 448 526 528 569 605 608 1192 356 106 653 661 762 766 773 780 807 818 820 838 865 873 881 884 680 914 936 1009 1029 1041 1055 1062 1074 1113 1115 1159 1170 1181 1186 928 676 1196 1208 1237 1942 1274 1280 1338 1354 1365 1384 1393 1418 1457 1476 1482 1493 1508 1522 1545 1573 1574 1592 1599 1700 1703 1753 1758 1841 1844 1855 1868 1899 1912 1253 693 1907 2483 1956 1993 2011 2012 2034 2049 2083 2115 2122 2137 2175 2189 2195 2196 2202 2225 2238 2244 2253 2267 2268 2274 2276 2393 2434 2447 2454 2476 1936 1930 9036 2479 4842 2578 2580 2645 2667 2715 2718 2722 2756 2795 2840 2870 2888 2914 2554 2925 2947 2986 2997 3007 3100 3109 3112 3118 3135 3178 3196 3208 3786 2935 2548 3229 3240 3323 3328 3348 3372 3408 3419 3431 3444 3445 3449 3457 3480 3311 3559 3571 3602 3609 3643 3661 3663 3665 3675 3676 3681 3689 3762 3768 3570 3299 3834 3841 3846 4367 3875 3919 3921 3922 3943 3948 3959 3977 3988 3997 3998 4019 4022 4042 4044 4092 4098 4110 4121 4142 4182 4183 4229 4241 4246 4252 4268 4270 4285 3868 2495 4277 2525 4415 4419 4440 4447 4462 4480 4485 4513 4516 4525 4534 4536 4542 4573 4577 4626 4630 4664 4666 4678 4700 4743 4748 4767 4775 4785 4788 4819 4310 4290 3322 4843 7624 4955 4992 4996 5027 5051 5090 5092 5099 5113 5163 5187 5195 5205 4954 5235 5262 5279 5296 5310 5382 5421 5422 5444 5453 5460 5474 5497 6043 5247 4940 5542 5567 5609 5617 5633 5640 5660 5684 5693 5703 5712 5713 5718 5764 5588 5773 5855 5886 5911 5914 5915 5920 5962 5977 5978 5983 5984 5985 5998 5847 5582 6048 6051 6082 6533 6093 6131 6145 6150 6151 6168 6174 6188 6198 6199 6210 6221 6240 6243 6252 6254 6263 6268 6287 6288 6290 6294 6299 6303 6320 6364 6405 6415 6474 6086 5598 6442 6909 6539 6541 6544 6565 6567 6583 6587 6650 6652 6667 6673 6676 6679 6706 6709 6723 6736 6739 6751 6761 6770 6779 6823 6828 6847 6851 6863 6896 6521 6486 4917 6905 4880 6970 6979 6994 7012 7051 7104 7115 7142 7144 7146 7151 7170 7224 6961 7250 7258 7280 7299 7317 7371 7374 7386 7406 7422 7426 7436 7471 8013 7256 6927 7495 7607 7652 7659 7670 7696 7701 7730 7746 7780 7810 7812 7817 7822 7618 7856 7906 7909 7915 7922 7923 7936 7969 7972 7974 7988 7993 8007 8008 7875 7611 8029 8036 8083 8663 8099 8148 8163 8167 8168 8169 8170 8200 8208 8209 8231 8249 8276 8283 8294 8304 8352 8359 8362 8411 8422 8438 8481 8496 8516 8541 8553 8579 8626 8094 6916 8594 6920 8672 8673 8685 8686 8687 8695 8725 8730 8747 8768 8775 8803 8834 8842 8846 8848 8857 8865 8873 8876 8919 8925 8964 8966 8982 9007 9017 9020 8657 8643 9025 9050 18116 9092 9154 9167 9196 9202 9254 9272 9275 9278 9301 9314 9317 9328 9086 9337 9383 9385 9401 9432 9438 9441 9447 9452 9471 9485 9490 9498 9527 9346 9534 9546 9554 9558 9563 9567 9572 9576 9585 9633 9642 9643 9650 9687 9695 9708 9557 9714 9739 9746 9766 9771 9772 9784 9796 9834 9851 9862 9863 9886 9904 9731 9917 9918 9924 9947 9984 9986 10055 10068 10106 10125 10132 10141 10147 10155 10161 10171 10183 10192 10195 10209 10247 10249 10253 10281 10299 10317 10331 10348 10391 10418 10422 10440 10450 10456 11120 10487 10490 10534 10538 10564 10565 10605 10615 10622 10643 10670 10677 10732 10760 10776 10828 10896 10918 10926 10942 10948 10952 10964 10983 10992 11015 11065 11077 11098 11102 11110 11127 10477 11132 12860 11187 11203 11210 11280 11296 11315 11316 11321 11322 11326 11332 11338 11342 11179 11357 11432 11501 11520 11531 11570 11571 11573 11588 11593 11659 11689 11692 11713 11392 11731 11751 11754 11770 11781 11784 11792 11800 11823 11839 11880 11893 11899 11918 11930 11976 11757 11988 12035 12048 12067 12071 12076 12104 12116 12125 12127 12145 12154 12157 12161 11993 12177 12191 12297 12305 12328 12335 12336 12356 12392 12396 12398 12427 12428 12432 12445 12456 12481 12485 12526 12542 12554 12559 12563 12565 12584 12618 12622 12637 12668 12677 12717 12788 12801 12851 15641 12873 12879 12898 12918 12919 12932 15220 15239 15246 15278 15291 15322 15364 15372 15379 15395 15396 15429 15438 15444 15446 15451 15452 15516 15531 15562 15571 15578 15590 15592 15623 11155 9074 15661 15692 15714 15715 15721 15726 15729 15746 15774 15782 15783 15820 15821 15823 15848 15701 15852 15898 15909 15912 15940 15944 15946 15954 15961 15962 15968 15977 15982 16186 15869 15695 15990 16001 16015 16021 16027 16030 16031 16032 16040 16042 16067 16074 16079 16080 16006 16085 16099 16113 16115 16117 16130 16136 16140 16141 16145 16149 16157 16159 16168 16088 16004 16187 16192 16193 16389 16197 16230 16231 16232 16236 16238 16239 16247 16252 16254 16257 16258 16276 16283 16289 16290 16296 16300 16313 16317 16320 16323 16334 16336 16344 16345 16347 16352 16363 16194 16012 16362 16518 16399 16400 16402 16407 16410 16411 16413 16414 16416 16418 16422 16428 16435 16436 16442 16445 16449 16452 16461 16465 16466 16470 16477 16481 16483 16486 16490 16493 16381 16372 16504 16523 15686 16531 16534 16535 16539 16542 16543 16544 16548 16555 16559 16570 16582 16585 16589 16592 16593 16600 16601 16609 16614 16615 16636 16642 16649 16652 16654 16657 16667 16838 16528 16851 16670 16686 16711 16713 16731 16733 16741 16743 16746 16749 16757 16765 16767 16768 16776 16700 16778 16781 16782 16790 16791 16801 16802 16808 16818 16823 16826 16829 16830 16837 16779 16681 17883 16862 17082 16883 16893 16898 16899 16902 16905 16909 16913 16921 16926 16940 16946 16949 16959 16963 16968 16971 16977 16981 16994 17009 17010 17011 17012 17017 17031 17052 17056 17062 16876 16863 17061 16526 17104 17105 17111 17114 17137 17138 17149 17154 17173 17192 17951 17952 17968 18074 18075 18077 18078 18087 18088 18090 18097 18103 18106 18108 18110 18111 18114 18115 17079 17068 17883 
    }

    weather = {
    }
}
