strategic_region = {
	id = 34
	name = "STRATEGICREGION_34"

	provinces = {
		55 82 99 104 109 151 227 252 254 299 301 363 414 445 458 487 492 529 654 667 713 722 760 769 904 1069 1080 1121 1133 1224 1259 1325 1464 1520 1609 1615 1626 1666 1762 1797 1842 1852 1859 1884 1944 2002 2008 2051 2053 2075 2078 2204 2207 2219 2344 2358 2409 2425 2430 2460 2544 2624 2639 2644 2792 2836 2881 3001 3050 3074 3081 3117 3182 3209 3250 3288 3300 3306 3325 3330 3368 3504 3506 3588 3589 3629 3644 3668 3684 3760 3778 3801 3813 3881 3907 3983 4014 4033 4075 4173 4272 4331 4366 4385 4387 4422 4427 4429 4533 4544 4593 4607 4618 4698 4712 4713 4820 4844 4933 4977 4997 5005 5017 5021 5050 5087 5100 5127 5137 5175 5214 5258 5269 5271 5284 5305 5339 5340 5369 5375 5379 5413 5449 5489 5501 5553 5595 5669 5674 5797 5800 5904 5907 5951 6007 6024 6148 6154 6285 6318 6341 6344 6353 6366 6461 6477 6484 6505 6557 6611 6643 6675 6727 6773 6775 6819 6855 6921 6959 7001 7014 7073 7084 7192 7267 7293 7374 7379 7468 7544 7548 7602 7615 7620 7672 7681 7699 7769 7813 7887 7953 7967 8018 8131 8240 8251 8272 8305 8315 8323 8332 8340 8341 8380 8382 8386 8388 8400 8401 8453 8494 8526 8571 8599 8754 8755 8807 8934 8935 8948 8955 8968 9044 9054 9060 9107 9166 9168 9188 9208 9213 9217 9245 9263 9413 9424 9503 9525 9596 9627 9634 9661 9705 9709 9718 9752 9814 9832 9907 9999 10093 10150 10165 10167 10177 10199 10215 10263 10306 10307 10311 10413 10420 10449 10459 10471 10491 10599 10600 10706 10712 10795 10802 10840 10985 11018 11049 11082 11143 11170 11195 11220 11230 11284 11288 11300 11312 11317 11389 11447 11470 11485 11494 11510 11516 11557 11565 11641 11656 11666 11680 11811 11935 11945 11954 12033 12061 12096 12166 12170 12203 12220 12274 12276 12310 12317 12346 12378 12409 12443 12471 12487 12528 12540 12625 12666 12688 12711 12712 12730 12815 12822 12845 12899 12930 15118 15227 16565 16604 16610 16623 16627 16631 16638 16640 16643 16648 16655 16663 16671 16677 16682 16683 16697 16703 16707 16709 16734 16758 16772 16773 16796 16839 16865 16870 16878 16886 16897 16906 16907 16915 16924 16935 16937 16942 16951 16954 16955 16962 16970 16973 16974 16978 16979 16985 16987 16999 17003 17004 17006 17007 17013 17024 17025 17027 17033 17034 17035 17042 17051 17053 17063 17064 17066 17067 17069 17070 17071 17077 17080 17083 17084 17085 17086 17088 17097 17100 17101 17108 17118 17120 17121 17127 17129 17132 17134 17139 17143 17144 17155 17162 17163 17166 17174 17175 17177 17180 17185 17187 17188 17189 17190 17193 17194 17200 17203 18109 18112 18113 18119 18141 18142 18861 
	}

	weather = {
	}
}
