strategic_region = {
    id = 35
    name = "STRATEGICREGION_35"

    provinces = {
        66 166 201 222 257 277 113 278 126 380 461 506 536 594 1094 289 2133 402 116 90 595 687 714 788 811 632 816 685 833 859 863 976 1035 1089 824 627 835 625 18099 686 677 1772 1311 1318 1427 1447 1470 1276 1471 1286 1556 1577 1584 1586 1621 1205 1511 1142 1563 1283 1238 1623 1785 1823 1843 1913 1699 1986 1771 1991 2097 2099 2106 2112 2117 1987 1677 2003 1670 1745 3102 1225 3608 2465 2469 2532 2671 2678 2342 2738 2383 2746 2813 2829 2849 2867 3492 2745 2212 2791 2356 2217 2943 3265 3267 3268 3290 3070 3324 3151 3381 3400 3423 3447 3467 3479 3350 3061 3395 2959 4565 2127 2179 4188 3700 3713 3728 3777 3812 3631 3843 3652 3916 3939 3975 3986 4052 3576 3899 3514 3935 3648 3622 4059 4232 4296 4305 4357 4126 4375 4186 4391 4405 4414 4457 4521 4537 4384 4077 4392 4060 4171 4581 7445 7488 4847 4860 4865 4873 4647 4884 4925 4753 4949 4961 5013 5024 5793 4924 6826 5149 4958 4737 4679 4629 5250 5332 5383 5145 5408 5188 5653 5679 5725 5726 5731 5776 5573 5141 5665 5125 5110 5815 5248 6404 6491 6069 6077 6083 6109 6111 5903 6175 6034 6212 6232 6235 6259 6286 5819 6206 6319 6218 5908 5894 6336 6525 6543 6603 6383 6630 6688 6697 6722 6777 6782 6795 6797 6648 6372 5827 6419 18070 6437 5206 4619 6803 7008 7034 7039 7079 6954 7096 7140 6986 7167 7218 7219 7268 7990 7101 6929 6881 7186 6964 7284 7292 7584 7585 7660 7439 7691 7803 7476 7864 7921 7938 7951 7961 7774 7355 6915 7880 7463 6956 7994 8135 8646 8176 8192 8212 8230 8106 8235 8290 8320 8330 8336 8343 8437 8019 8243 8087 8545 4613 8147 3195 8146 8499 8676 8732 8737 8522 8750 8790 8624 8811 8828 8831 8901 8905 8785 8520 8024 8817 8551 8440 18100 18070 8963 9174 9200 9218 9221 9230 9083 9315 9120 9382 9409 9417 9420 9448 10223 9376 8999 9388 9491 9522 9732 9769 9786 9906 9935 9674 9953 10005 9741 10111 10162 10184 10216 10218 9992 9562 15983 10156 9692 15985 11361 10405 10447 10454 10484 10492 10553 10381 10577 10415 10657 10676 10748 10766 10836 10265 10636 10326 10672 10861 10892 10909 10977 11004 11034 11037 10897 11057 11094 10916 11101 11233 11261 11295 11333 11091 10895 10324 11116 10259 10901 11383 12916 11487 11489 11491 11528 11710 11418 11538 11445 11612 11643 11660 11675 11678 11558 11566 11679 11627 11730 12224 11775 11799 11805 11857 11875 11911 11767 11942 11791 11989 12025 12058 12128 12148 12207 11959 12239 12021 11381 8950 11430 12314 12400 12424 12459 12466 12504 12285 12646 12322 12670 12720 12752 12768 12829 11403 12665 12279 12687 12838 12847 15766 15816 15832 15855 15866 12902 15876 15903 15813 15906 15936 15948 15960 15978 15899 12858 12270 15927 12246 9105 15986 16009 16033 16034 16041 16048 16003 16053 16071 16022 16081 16092 16104 16105 16263 16054 15994 16150 16082 16014 16118 16128 16185 16189 16195 16148 16209 16217 16170 16218 16233 16237 16242 16248 16214 16142 16497 16219 16160 16491 16179 16268 16426 16316 16318 16331 16339 16302 16348 16357 16309 16365 16378 16379 16390 16271 16349 16297 16403 16373 16308 16392 16394 16429 16430 16453 16396 16455 16462 16421 16467 16476 16478 16479 16487 16457 16395 16285 16473 16408 16305 15992 8983 16633 16536 16537 16540 16551 16552 16516 16566 16520 16568 16580 16583 16590 16591 16717 16567 16514 16573 16611 16619 16634 16646 16650 16660 16664 16632 16666 16688 16635 16692 16705 16708 16712 16714 16680 16628 16509 16701 16498 16519 16722 16747 16764 16774 16783 16784 16785 16745 16787 16810 16814 16817 16824 16840 16854 16735 16805 16742 16896 16759 8946 16858 16922 18063 18071 18072 18073 16892 18076 18085 17199 18089 18092 18093 18094 18098 18083 16887 16739 18091 16872 18100 
    }

    weather = {
    }
}
