strategic_region = {
	id = 37
	name = "STRATEGICREGION_37"

	provinces = {
		1 26 72 118 173 198 287 355 426 438 563 573 594 607 700 748 755 758 984 1171 1174 1187 1340 1380 1454 1620 1738 1784 1839 1973 2004 2226 2302 2417 2488 2546 2564 2626 2631 2655 2669 2694 2787 2945 2985 3052 3067 3129 3133 3183 3200 3221 3247 3367 3401 3407 3417 3526 3552 3566 3600 3673 3687 3763 4053 4094 4108 4145 4181 4199 4358 4411 4428 4435 4450 4479 4506 4511 4684 4778 4864 4867 4926 5143 5144 5266 5317 5350 5441 5512 5583 5635 5646 5732 5735 5750 5873 5993 6034 6099 6141 6156 6296 6325 6339 6397 6413 6436 6501 6665 6677 6729 6864 6876 7062 7168 7175 7465 7552 7580 7613 7632 7654 7809 7864 7901 7960 8081 8188 8309 8335 8460 8563 8576 8632 8655 8664 8712 8847 8851 8997 9033 9040 9192 9285 9353 9358 9457 9478 9622 9632 9647 9658 9670 9790 9825 9933 10037 10079 10080 10096 10121 10168 10194 10217 10280 10315 10320 10322 10458 10500 10525 10638 10652 10666 10678 10704 10775 10850 10888 10889 10996 11141 11154 11224 11313 11343 11383 11453 11578 11753 11771 11964 11981 12011 12080 12123 12168 12197 12350 12394 12463 12600 12615 12847 12900 12986 13014 13110 13555 13572 13583 13593 13683 13783 13787 14193 14254 14274 14307 14326 14345 14386 14399 14543 14583 14614 14705 14707 14708 14714 14719 14737 14740 14745 14750 14779 14780 14810 14811 14812 14815 14826 14831 14836 14837 14844 14848 14851 14854 14863 14872 14873 14880 14885 14890 14895 14916 14924 14930 14948 14951 14953 14959 14965 14977 14982 14985 14986 14990 15005 15011 15016 15025 15050 15054 15060 15062 15090 15093 15095 15117 15130 15136 15159 15168 15237 15336 15870 18048 18317 18318 18319 18320 18321 18322 18323 18324 18325 18326 18327 18328 18329 18330 18331 18335 18336 18337 18338 18339 18341 18342 18343 18344 18345 18346 18347 18348 18349 18350 18351 19469 19470 
	}

	weather = {
	}
}
