strategic_region = {
    id = 37
    name = "STRATEGICREGION_37"

    provinces = {
        7 26 57 68 111 118 123 144 173 196 198 210 213 241 243 248 287 327 344 353 355 362 407 426 438 443 466 467 468 482 523 525 537 550 565 571 573 575 607 624 645 664 700 748 755 774 779 786 793 842 845 847 848 864 876 879 912 920 943 950 959 964 971 980 983 984 990 996 1001 1014 1100 1112 1137 1265 1270 1294 1295 1307 1310 1333 1335 1343 1380 1394 1402 1412 1431 1466 1478 1483 1512 1518 1525 1591 1616 1620 1773 1784 1788 1801 1810 1856 1862 1882 1910 1940 1958 1973 2004 2021 2037 2041 2048 2073 2080 2153 2158 2172 2190 2226 2240 2252 2288 2310 2338 2395 2410 2417 2488 2546 2549 2559 2561 2564 2585 2592 2631 2640 2655 2669 2689 2690 2694 2704 2725 2733 2782 2787 2798 2852 2893 2898 2915 2918 2951 2965 2984 2985 3010 3013 3020 3021 3067 3082 3105 3119 3122 3156 3165 3170 3186 3200 3244 3247 3249 3272 3308 3340 3358 3367 3387 3401 3407 3417 3438 3466 3474 3477 3495 3517 3532 3542 3548 3549 3558 3566 3586 3595 3603 3626 3634 3636 3673 3677 3694 3696 3698 3785 3797 3833 3849 3851 3876 3898 3925 3958 4053 4054 4055 4056 4062 4081 4094 4095 4108 4120 4139 4145 4149 4168 4170 4178 4181 4210 4219 4240 4273 4284 4287 4288 4292 4295 4303 4306 4338 4358 4411 4421 4423 4433 4435 4450 4467 4478 4479 4501 4511 4512 4583 4684 4692 4707 4716 4765 4771 4777 4809 4822 4830 4834 4836 4852 4926 4973 4982 4994 5032 5058 5086 5088 5143 5148 5153 5165 5172 5192 5219 5231 5280 5317 5341 5348 5350 5378 5384 5402 5441 5452 5467 5469 5475 5494 5508 5523 5528 5536 5569 5574 5583 5586 5615 5622 5624 5635 5649 5651 5673 5694 5696 5698 5701 5702 5741 5750 5752 5768 5786 5802 5808 5814 5822 5864 5873 5874 5916 5935 5945 5964 5992 6099 6138 6146 6167 6177 6178 6189 6213 6237 6264 6270 6293 6296 6304 6350 6355 6394 6397 6413 6429 6436 6454 6463 6468 6552 6566 6585 6620 6621 6631 6642 6646 6655 6695 6707 6710 6729 6753 6774 6785 6815 6817 6864 6865 6876 6888 6901 6904 6906 6910 6931 6935 6945 6952 6987 7018 7042 7061 7062 7114 7127 7143 7155 7165 7168 7175 7181 7199 7202 7246 7263 7286 7289 7298 7364 7418 7425 7429 7430 7435 7454 7465 7487 7552 7580 7589 7606 7613 7632 7636 7638 7662 7684 7693 7704 7705 7713 7756 7801 7809 7839 7859 7860 7869 7901 7913 7914 7947 7956 7960 7971 7985 7987 8037 8047 8069 8070 8081 8082 8092 8136 8177 8183 8188 8253 8260 8292 8329 8335 8349 8354 8439 8514 8530 8555 8563 8576 8596 8620 8632 8655 8664 8708 8712 8720 8726 8729 8793 8805 8818 8820 8823 8847 8851 8868 8903 8910 8984 8997 9033 9040 9094 9100 9115 9119 9147 9150 9160 9182 9184 9192 9194 9197 9204 9206 9210 9224 9227 9268 9285 9324 9335 9343 9358 9361 9368 9421 9458 9472 9478 9501 9531 9615 9632 9644 9645 9658 9717 9744 9779 9780 9789 9790 9793 9808 9831 9835 9844 9852 9860 9888 9891 9929 9933 9940 9950 9954 10030 10037 10040 10041 10045 10048 10058 10079 10080 10088 10096 10121 10158 10180 10212 10217 10225 10292 10315 10320 10327 10370 10458 10500 10523 10544 10573 10586 10593 10634 10638 10653 10660 10664 10673 10678 10680 10700 10702 10704 10726 10738 10741 10835 10867 10888 10927 10950 10951 10984 10993 10996 11027 11041 11045 11056 11141 11154 11162 11167 11224 11228 11258 11266 11271 11298 11313 11320 11336 11360 11404 11427 11443 11453 11549 11578 11594 11617 11619 11620 11645 11709 11715 11724 11740 11771 11774 11797 11829 11834 11859 11897 11929 11950 11952 11964 11981 12011 12043 12078 12091 12123 12129 12167 12168 12174 12175 12197 12204 12213 12218 12228 12250 12289 12326 12350 12394 12404 12422 12441 12489 12505 12522 12550 12556 12571 12580 12594 12609 12615 12652 12658 12742 12763 12783 12791 12841 12861 12876 12900 12920 13702 13724 13739 13781 13812 13830 13833 13845 13881 13891 13922 13923 13938 13954 13962 13994 14000 14001 14023 14028 14029 14041 14064 14069 14081 14086 14096 14104 14112 14120 14127 14133 14145 14154 14168 14180 14185 14186 14197 14203 14221 14232 14237 14257 14262 14264 14283 14294 14303 14321 14323 14352 14353 14359 14360 14365 14375 14377 14384 14390 14400 14407 14408 14426 14428 14441 14448 14455 14456 14459 14460 14461 14464 14465 14466 14475 14481 14486 14489 14491 14504 14505 14511 14515 14518 14521 14524 14525 14526 14530 14538 14542 14544 14549 14553 14558 14560 14563 14565 14566 14572 14582 14590 14591 14601 14602 14606 14611 14615 14618 14619 14627 14631 14632 14637 14638 14640 14643 14644 14648 14650 14653 14656 14657 14664 14668 14671 14675 14681 14690 14691 14696 14701 14707 14711 14712 14714 14719 14720 14722 14723 14724 14730 14731 14737 14738 14750 14754 14756 14759 14763 14765 14775 14776 14779 14780 14789 14797 14802 14809 14810 14811 14815 14818 14826 14829 14831 14833 14836 14837 14844 14848 14851 14853 14863 14869 14872 14873 14880 14885 14886 14890 14895 14916 14924 14930 14931 14948 14951 14953 14959 14963 14965 14972 14977 14982 14985 14986 14989 14990 14994 14996 15005 15008 15011 15016 15025 15033 15039 15044 15050 15052 15054 15060 15062 15090 15093 15095 15096 15117 15126 15130 15136 15159 15161 15162 15164 15168 15183 15207 15237 15243 15244 15254 15260 15308 15321 15339 15870 18028 18038 18039 18041 18042 18043 18045 18046 18048 18317 18318 18319 18320 18321 18322 18323 18324 18325 18326 18327 18328 18329 18330 18331 18335 18336 18337 18338 18339 18341 18342 18343 18344 18345 18346 18347 18348 18349 18350 18351 18820 
    }

    weather = {
    }
}
