strategic_region = {
	id = 38
	name = "STRATEGICREGION_38"

	provinces = {
		18 19 25 29 36 71 76 83 89 98 105 114 134 154 188 189 203 234 246 282 284 338 369 378 462 478 488 507 534 548 566 578 581 614 648 652 678 708 712 739 741 751 803 808 849 861 895 902 947 974 987 992 1004 1064 1092 1135 1195 1218 1231 1233 1240 1258 1271 1287 1377 1382 1416 1514 1531 1565 1570 1578 1585 1622 1656 1667 1671 1723 1736 1739 1764 1766 1783 1800 1806 1811 1825 1828 1851 1892 1895 1914 1916 1921 1927 1970 2047 2054 2066 2082 2111 2143 2222 2242 2260 2271 2290 2294 2298 2301 2309 2328 2351 2354 2372 2388 2399 2405 2429 2445 2478 2487 2505 2537 2543 2560 2562 2565 2567 2569 2577 2618 2620 2630 2677 2712 2717 2732 2735 2751 2772 2776 2788 2799 2820 2843 2857 2866 2887 2913 2937 2952 2961 2971 2974 3000 3009 3011 3024 3059 3064 3078 3144 3160 3176 3185 3197 3220 3231 3241 3305 3366 3398 3415 3416 3425 3428 3458 3535 3557 3574 3612 3623 3632 3658 3664 3666 3670 3702 3742 3743 3755 3771 3795 3829 3830 3835 3839 3864 3865 3866 3923 3963 3978 4032 4046 4064 4067 4123 4148 4155 4167 4177 4191 4205 4216 4224 4259 4326 4329 4341 4346 4362 4438 4445 4468 4483 4494 4505 4519 4522 4540 4554 4571 4620 4675 4685 4710 4719 4730 4768 4802 4811 4813 4886 4891 4902 4913 4918 4935 4951 5008 5034 5057 5080 5096 5129 5136 5164 5166 5169 5170 5178 5184 5218 5224 5242 5251 5253 5293 5318 5351 5368 5376 5386 5401 5415 5459 5498 5510 5518 5527 5543 5545 5572 5585 5602 5612 5616 5639 5648 5666 5685 5686 5723 5753 5761 5805 5868 5905 5912 5931 5932 5952 5965 5970 5971 5973 5974 5996 6003 6029 6041 6046 6061 6064 6068 6085 6122 6124 6142 6143 6158 6159 6185 6234 6246 6265 6278 6286 6300 6310 6315 6358 6386 6391 6440 6459 6466 6472 6476 6502 6532 6550 6551 6555 6601 6606 6622 6625 6628 6634 6680 6701 6767 6800 6807 6840 6862 6874 6894 6895 6907 6923 6937 6947 7006 7013 7021 7032 7052 7107 7189 7198 7201 7225 7237 7316 7333 7369 7384 7390 7434 7449 7457 7458 7477 7479 7489 7536 7550 7554 7571 7575 7605 7617 7640 7641 7648 7651 7690 7710 7721 7723 7737 7748 7782 7786 7836 7850 7868 7870 7886 7892 7905 7910 7916 7930 7966 7978 7995 8035 8051 8068 8078 8089 8097 8105 8142 8185 8204 8221 8236 8257 8264 8313 8314 8361 8370 8408 8410 8428 8472 8499 8529 8531 8564 8566 8586 8598 8666 8681 8683 8698 8704 8716 8723 8733 8756 8826 8843 8871 8874 8875 8897 8916 8944 8959 8972 8985 8987 8990 8998 9042 9068 9142 9145 9152 9172 9195 9244 9256 9262 9295 9306 9380 9392 9403 9411 9415 9422 9437 9439 9460 9496 9506 9511 9519 9520 9541 9593 9619 9636 9660 9690 9702 9721 9729 9755 9763 9778 9783 9800 9804 9818 9848 9909 9965 9980 10050 10052 10063 10065 10072 10101 10127 10153 10176 10179 10182 10191 10193 10207 10254 10282 10289 10290 10353 10388 10395 10396 10406 10431 10435 10464 10483 10485 10486 10488 10519 10520 10560 10578 10581 10582 10631 10661 10663 10668 10710 10735 10761 10769 10780 10803 10824 10829 10837 10838 10856 10873 10902 10903 10940 10949 10961 10970 10980 10991 10994 11017 11028 11043 11081 11083 11103 11134 11146 11151 11204 11206 11282 11283 11287 11293 11323 11325 11340 11348 11355 11366 11367 11375 11387 11416 11448 11458 11462 11465 11477 11519 11526 11534 11552 11562 11586 11610 11614 11623 11628 11657 11691 11697 11708 11719 11732 11738 11746 11756 11786 11794 11809 11848 11865 11895 11901 11905 11913 11956 11983 11986 12005 12032 12072 12102 12113 12143 12211 12223 12226 12236 12237 12248 12262 12267 12287 12288 12299 12300 12306 12348 12352 12363 12364 12385 12388 12405 12439 12452 12461 12484 12507 12512 12519 12532 12578 12593 12612 12660 12761 12809 12839 12848 12853 12855 12907 12929 12965 12970 12988 12995 13001 13002 13115 13117 13121 13127 13135 13137 13141 13172 13182 13183 13198 13213 13222 13223 13239 13278 13284 13300 13303 13312 13340 13382 13414 13460 13470 13476 13477 13483 13490 13494 13505 13517 13522 13540 13547 13549 13552 13570 13586 13592 13604 13609 13612 13624 13627 13645 13661 13675 13680 13708 13725 13728 13756 13757 13801 13818 13819 13821 13828 13829 13847 13894 13897 13898 13901 13905 13907 13909 13939 13946 13947 13958 13970 13972 13979 13981 13991 14005 14021 14026 14030 14037 14043 14060 14061 14062 14078 14083 14091 14092 14094 14097 14099 14107 14116 14121 14125 14126 14134 14137 14143 14149 14152 14153 14159 14183 14184 14188 14192 14205 14216 14227 14240 14241 14259 14260 14271 14273 14278 14279 14299 14300 14313 14322 14329 14338 14343 14344 14350 14370 14380 14396 14398 14401 14415 14422 14424 14425 14431 14437 14438 14440 14442 14449 14473 14474 14484 14493 14495 14496 14503 14507 14509 14516 14520 14536 14539 14546 14556 14557 14567 14580 14592 14593 14597 14603 14612 14624 14641 14651 14658 14662 14676 14679 14682 14694 14715 14746 14777 14795 14823 14876 14881 14894 14926 14964 15344 15816 18024 18071 18072 19269 19270 19271 19272 19281 19282 19283 19287 19288 
	}

	weather = {
	}
}
