strategic_region = {
	id = 39
	name = "STRATEGICREGION_39"

	provinces = {
		44 67 142 143 192 204 215 219 225 233 286 290 339 343 346 350 357 359 368 371 392 397 404 406 420 451 454 486 503 510 513 515 518 541 553 558 559 580 591 703 710 720 732 747 794 805 834 846 852 867 908 917 967 981 998 1008 1017 1026 1031 1032 1037 1040 1060 1065 1078 1083 1091 1105 1116 1120 1157 1158 1160 1179 1180 1194 1197 1222 1234 1239 1262 1290 1314 1321 1375 1392 1400 1406 1435 1438 1440 1445 1461 1465 1491 1533 1541 1548 1550 1558 1576 1580 1587 1589 1590 1596 1602 1665 1673 1684 1691 1697 1712 1716 1717 1752 1770 1793 1796 1804 1835 1860 1864 1883 1888 1897 1906 1917 1924 1925 1931 1948 1952 1980 1988 1997 2018 2020 2027 2040 2045 2088 2098 2139 2140 2165 2174 2223 2229 2234 2237 2247 2248 2263 2269 2291 2306 2308 2321 2324 2327 2330 2337 2353 2362 2366 2367 2438 2470 2507 2511 2517 2519 2566 2599 2607 2614 2622 2650 2668 2674 2680 2711 2714 2724 2743 2749 2750 2765 2767 2773 2786 2790 2832 2912 2931 2957 2967 2968 2972 2988 2998 3048 3069 3071 3075 3079 3091 3130 3139 3141 3157 3204 3219 3234 3254 3257 3258 3262 3273 3276 3282 3293 3319 3331 3360 3380 3414 3421 3439 3443 3463 3509 3516 3520 3538 3539 3580 3593 3639 3656 3662 3678 3706 3765 3798 3805 3808 3817 3823 3871 3883 3886 3900 3940 3947 3961 3974 4001 4003 4015 4017 4040 4066 4069 4080 4101 4106 4112 4113 4150 4166 4175 4207 4208 4215 4230 4256 4264 4309 4324 4333 4342 4345 4382 4394 4396 4398 4425 4437 4452 4463 4465 4486 4495 4502 4509 4520 4524 4560 4566 4608 4637 4638 4652 4658 4686 4690 4705 4711 4742 4757 4766 4770 4812 4871 4885 4890 4907 4999 5012 5037 5059 5061 5081 5093 5123 5135 5138 5160 5174 5176 5182 5194 5212 5222 5239 5265 5281 5289 5298 5309 5319 5324 5325 5345 5347 5349 5357 5359 5365 5366 5371 5438 5451 5462 5465 5476 5525 5526 5539 5556 5576 5599 5604 5623 5634 5657 5667 5700 5704 5736 5747 5751 5774 5775 5781 5785 5823 5836 5840 5845 5848 5867 5872 5906 5917 5938 5959 6005 6006 6021 6054 6067 6091 6106 6128 6140 6144 6166 6179 6183 6187 6200 6204 6205 6215 6227 6239 6258 6272 6279 6328 6347 6348 6359 6371 6389 6390 6455 6470 6530 6535 6540 6559 6581 6582 6613 6616 6641 6657 6664 6672 6681 6684 6696 6700 6719 6742 6750 6758 6784 6802 6833 6911 6918 6924 6943 6955 7009 7029 7043 7064 7069 7072 7074 7111 7121 7128 7131 7149 7161 7164 7166 7177 7190 7231 7239 7249 7274 7283 7321 7335 7341 7359 7363 7382 7402 7421 7427 7443 7452 7485 7486 7492 7512 7533 7561 7564 7578 7586 7591 7597 7600 7601 7609 7650 7655 7675 7687 7689 7698 7712 7739 7751 7767 7776 7791 7811 7820 7829 7830 7832 7848 7857 7890 7893 7902 7918 7928 7944 7958 7964 7982 7996 8002 8005 8022 8027 8028 8038 8041 8049 8055 8062 8077 8079 8114 8160 8164 8171 8173 8178 8213 8229 8259 8265 8267 8268 8273 8275 8282 8311 8337 8345 8348 8375 8384 8387 8389 8404 8448 8455 8459 8475 8483 8504 8513 8528 8543 8567 8580 8623 8625 8645 8650 8691 8709 8731 8742 8786 8838 8921 8922 8929 8940 8951 8976 8977 8978 9000 9010 9013 9028 9035 9048 9059 9061 9072 9076 9090 9110 9123 9136 9137 9156 9161 9165 9191 9199 9226 9231 9240 9242 9247 9282 9303 9334 9370 9405 9414 9449 9466 9480 9487 9488 9502 9505 9507 9513 9516 9551 9564 9578 9579 9595 9598 9630 9639 9667 9683 9697 9710 9711 9803 9805 9813 9816 9850 9856 9857 9869 9885 9903 9911 9983 9996 10000 10018 10027 10039 10043 10047 10105 10124 10140 10160 10173 10185 10229 10234 10237 10246 10250 10277 10305 10310 10314 10316 10336 10436 10437 10445 10474 10480 10495 10497 10550 10555 10585 10590 10601 10610 10611 10621 10635 10650 10651 10655 10709 10713 10715 10717 10718 10742 10774 10793 10798 10799 10813 10814 10817 10821 10822 10842 10847 10851 10881 10905 10907 10910 10913 10928 10932 10955 10958 10969 11019 11053 11076 11124 11131 11148 11159 11175 11184 11223 11289 11302 11310 11311 11329 11350 11369 11370 11373 11377 11399 11409 11411 11423 11424 11435 11455 11459 11467 11468 11481 11504 11507 11524 11525 11551 11554 11589 11600 11613 11639 11667 11688 11722 11741 11745 11790 11795 11819 11822 11845 11858 11862 11876 11888 11892 11896 11917 11920 11938 11947 11962 11985 12001 12044 12053 12059 12107 12121 12139 12153 12156 12165 12302 12316 12330 12332 12372 12390 12449 12467 12497 12525 12548 12568 12586 12587 12588 12619 12621 12640 12645 12654 12662 12667 12672 12683 12694 12710 12719 12727 12750 12764 12765 12767 12777 12799 12823 12834 12844 12875 12882 12905 12911 12912 12941 12942 12943 12944 12945 12946 12947 12948 12949 12950 12951 12952 12975 12978 12980 12981 12985 12990 12994 13010 13013 13016 13026 13048 13049 13052 13060 13069 13070 13083 13084 13089 13092 13093 13106 13111 13114 13119 13128 13148 13149 13153 13158 13162 13163 13167 13168 13176 13187 13190 13193 13194 13200 13204 13215 13219 13226 13229 13234 13235 13244 13249 13257 13261 13272 13274 13277 13285 13288 13289 13295 13301 13313 13314 13322 13335 13336 13345 13348 13350 13352 13353 13357 13358 13361 13366 13375 13378 13385 13390 13399 13403 13406 13408 13409 13410 13418 13420 13421 13429 13435 13442 13443 13450 13454 13457 13461 13467 13480 13481 13485 13488 13489 13502 13510 13515 13518 13520 13527 13535 13542 13543 13554 13557 13564 13565 13574 13580 13582 13584 13589 13590 13595 13599 13600 13603 13607 13610 13619 13620 13633 13635 13642 13643 13644 13651 13655 13656 13658 13659 13663 13668 13669 13670 13682 13685 13695 13696 13699 13715 13716 13721 13732 13736 13752 13755 13758 13779 13782 13790 13793 13807 13816 13817 13836 13859 13872 13888 13906 13920 13926 13927 13940 13960 13968 13974 13988 13990 13995 13996 14003 14033 14034 14038 14065 14070 14101 14105 14109 14110 14123 14135 14136 14139 14142 14150 14160 14164 14167 14187 14199 14200 14204 14210 14219 14236 14238 14239 14251 14256 14258 14267 14269 14272 14288 14301 14309 14311 14324 14331 14333 14337 14348 14349 14362 14369 14373 14391 14411 14427 14429 14458 16550 16630 17966 17971 17973 17977 18015 18034 
	}

	weather = {
		period = {
			between = { 0.0 30.0 }
			temperature = { -16.4 -11.5 }
			no_phenomenon = 0.2
			rain_light = 0.05
			rain_heavy = 0.025
			snow = 0.75
			blizzard = 0.35
			arctic_water = 0
			mud = 0.1
			sandstorm = 0
			min_snow_level = 0
		}
		period = {
			between = { 0.1 27.1 }
			temperature = { -11.5 -4.5 }
			no_phenomenon = 0.3
			rain_light = 0.05
			rain_heavy = 0.025
			snow = 0.675
			blizzard = 0.45
			arctic_water = 0
			mud = 0.3
			sandstorm = 0
			min_snow_level = 0
		}
		period = {
			between = { 0.2 30.2 }
			temperature = { -3 7 }
			no_phenomenon = 0.4
			rain_light = 0.1
			rain_heavy = 0.05
			snow = 0.1
			blizzard = 0
			arctic_water = 0
			mud = 0.8
			sandstorm = 0
			min_snow_level = 0
		}
		period = {
			between = { 0.3 29.3 }
			temperature = { 8 16.5 }
			no_phenomenon = 0.75
			rain_light = 0.15
			rain_heavy = 0.075
			snow = 0
			blizzard = 0
			arctic_water = 0
			mud = 0.25
			sandstorm = 0
			min_snow_level = 0
		}
		period = {
			between = { 0.4 30.4 }
			temperature = { 15 24 }
			no_phenomenon = 0.8
			rain_light = 0.2
			rain_heavy = 0.1
			snow = 0
			blizzard = 0
			arctic_water = 0
			mud = 0.15
			sandstorm = 0
			min_snow_level = 0
		}
		period = {
			between = { 0.5 29.5 }
			temperature = { 24 28.5 }
			no_phenomenon = 0.9
			rain_light = 0.125
			rain_heavy = 0.075
			snow = 0
			blizzard = 0
			arctic_water = 0
			mud = 0.05
			sandstorm = 0
			min_snow_level = 0
		}
		period = {
			between = { 0.6 30.6 }
			temperature = { 27.5 29 }
			no_phenomenon = 0.925
			rain_light = 0.1
			rain_heavy = 0.05
			snow = 0
			blizzard = 0
			arctic_water = 0
			mud = 0.015
			sandstorm = 0
			min_snow_level = 0
		}
		period = {
			between = { 0.7 30.7 }
			temperature = { 24 27 }
			no_phenomenon = 0.9
			rain_light = 0.15
			rain_heavy = 0.05
			snow = 0
			blizzard = 0
			arctic_water = 0
			mud = 0.005
			sandstorm = 0
			min_snow_level = 0
		}
		period = {
			between = { 0.8 29.8 }
			temperature = { 12 18 }
			no_phenomenon = 0.65
			rain_light = 0.25
			rain_heavy = 0.1
			snow = 0
			blizzard = 0
			arctic_water = 0
			mud = 0.1
			sandstorm = 0
			min_snow_level = 0
		}
		period = {
			between = { 0.9 30.9 }
			temperature = { 5 8 }
			no_phenomenon = 0.6
			rain_light = 0.35
			rain_heavy = 0.2
			snow = 0
			blizzard = 0
			arctic_water = 0
			mud = 0.25
			sandstorm = 0
			min_snow_level = 0
		}
		period = {
			between = { 0.10 29.10 }
			temperature = { -1 2 }
			no_phenomenon = 0.75
			rain_light = 0.15
			rain_heavy = 0.075
			snow = 0
			blizzard = 0
			arctic_water = 0
			mud = 0.15
			sandstorm = 0
			min_snow_level = 0
		}
		period = {
			between = { 0.11 30.11 }
			temperature = { -14 -6 }
			no_phenomenon = 0.3
			rain_light = 0.1
			rain_heavy = 0.05
			snow = 0.6
			blizzard = 0.3
			arctic_water = 0
			mud = 0.075
			sandstorm = 0
			min_snow_level = 0
		}
	}
}
