strategic_region = {
    id = 42
    name = "STRATEGICREGION_42"

    provinces = {
        17206 17208 17209 17219 17220 17222 17228 17233 17237 17238 17254 17262 17271 17292 17304 17307 17319 17326 17335 17343 17344 17378 17391 17394 17405 17412 17415 17416 17428 17447 17448 17457 17458 17476 17490 17492 17493 17496 17508 17509 17511 17515 17519 17527 17552 17568 17579 17598 17608 17611 17618 17629 17635 17638 17639 17645 17648 17656 17658 17660 17661 17693 17697 17701 17712 17717 17719 17722 17724 17743 17760 17761 17764 17765 17768 17769 17775 17782 17801 17819 17823 17871 17877 17878 17881 17882 17884 17890 17897 17903 17905 17911 17912 17914 17916 17928 17932 17938 17939 
    }

    weather = {
    }
}
