strategic_region = {
	id = 43
	name = "STRATEGICREGION_43"

	provinces = {
		17211 17218 17229 17234 17242 17245 17248 17255 17263 17280 17281 17285 17286 17288 17291 17294 17300 17310 17312 17321 17330 17333 17345 17347 17350 17353 17354 17382 17384 17398 17406 17411 17419 17423 17435 17436 17437 17445 17449 17462 17463 17481 17484 17486 17491 17499 17500 17510 17521 17522 17536 17544 17549 17555 17558 17562 17569 17573 17574 17576 17581 17582 17589 17597 17602 17603 17604 17610 17613 17614 17619 17633 17636 17641 17642 17669 17683 17687 17708 17723 17725 17739 17740 17742 17757 17779 17798 17803 17809 17824 17825 17826 17827 17828 17829 17830 17831 17832 17833 17834 17835 17836 17837 17838 17839 17840 17841 
	}

	weather = {
	}
}
