strategic_region = {
	id = 44
	name = "STRATEGICREGION_44"

	provinces = {
		21 91 107 217 330 463 472 496 502 543 564 570 637 655 698 798 809 915 962 1099 1161 1167 1405 1419 1422 1460 1469 1498 1515 1524 1534 1543 1614 1632 1750 1779 1909 1943 1995 2062 2089 2159 2283 2368 2553 2604 2637 2651 2685 2695 2721 2757 2812 2819 2842 2848 2941 3092 3166 3190 3198 3252 3263 3280 3283 3297 3336 3426 3446 3567 3569 3585 3654 3683 3723 3752 3838 3855 3955 3999 4105 4128 4153 4231 4381 4402 4548 4572 4574 4594 4654 4656 4687 4789 4794 4806 4827 4849 4912 4972 5083 5103 5180 5210 5213 5314 5330 5360 5362 5571 5584 5687 5738 5749 5757 5828 5854 5856 5893 5919 5930 5967 5988 6098 6163 6298 6321 6407 6412 6481 6546 6596 6633 6638 6661 6670 6671 6691 6760 6766 6768 6808 6810 6821 6836 6890 6930 6934 6962 6969 6976 6980 7090 7152 7287 7304 7353 7358 7394 7450 7453 7455 7503 7518 7522 7581 7596 7628 7702 7703 7728 7773 7789 7807 7837 7885 7917 7929 7946 7948 7965 7992 8095 8161 8207 8216 8258 8436 8443 8584 8597 8609 8619 8621 8633 8647 8659 8678 8694 8703 8739 8796 8810 8812 8814 8872 8884 9001 9002 9018 9067 9101 9140 9189 9290 9297 9327 9349 9366 9384 9431 9440 9532 9648 9659 9679 9770 9806 9854 9894 9895 9915 9977 10029 10119 10175 10186 10220 10294 10303 10308 10362 10372 10387 10492 10494 10542 10628 10658 10662 10703 10723 10736 10749 10753 10781 10782 10815 10853 10864 10912 10920 11066 11087 11093 11106 11150 11185 11276 11413 11431 11433 11483 11592 11664 11703 11810 11818 11885 11903 11921 11955 11960 11991 12013 12034 12081 12130 12182 12188 12309 12362 12386 12447 12570 12576 12589 12604 12628 12643 12706 12743 12749 12769 12805 12849 12854 13112 13165 13199 13225 13251 13252 13273 13286 13330 13346 13417 13433 13449 13453 13462 13506 13587 13616 13652 13701 13709 13832 13860 13930 13998 14739 14937 15006 15065 15066 15091 15099 15106 15109 15110 15111 15120 15134 15146 15147 15175 15186 15199 15205 15210 15219 15248 15253 15256 15257 15275 15282 15302 15311 15326 15335 15338 15360 15376 15382 15386 15425 15450 15465 15489 15496 15497 15524 15533 15534 15567 15576 15596 15601 15616 15634 15646 15650 15651 15668 15700 15702 15708 15719 15741 15743 15764 15793 15840 15851 15878 15911 15957 17793 18049 18053 18268 18269 18270 18271 18272 18273 18274 18275 18276 18277 18278 18279 18280 18281 18282 18283 18284 18285 18286 18287 18288 18289 18340 18352 18353 18354 18355 18356 18357 18358 18359 18360 18361 18362 18363 18364 18365 18366 18367 18368 18369 18370 18371 18372 18373 18374 18375 18376 18377 18378 18379 18380 18381 18382 18383 18384 18481 18682 18744 18745 18746 18747 18748 18754 18755 18756 18757 18761 18764 18765 18787 18788 18789 18790 18791 18792 18793 18794 18804 18805 18806 18814 18815 18816 18818 18819 18821 18829 18830 18831 18832 18833 18834 18835 18836 18837 18838 18839 18942 18943 18944 18945 18946 18947 18948 18949 18950 18951 18952 18953 18954 18955 18956 18957 18958 18959 18960 18964 18965 18966 18967 18968 18969 18970 18971 18972 18973 18974 18975 18976 18977 18978 18979 18980 18981 18982 18983 18984 18985 18986 18987 18988 18989 18990 18991 18992 18993 18994 18995 18996 18997 18998 18999 19000 19001 19002 19003 19024 19045 19046 19047 19048 19049 19050 19051 19345 19349 19350 19351 19352 19353 19354 19355 19363 19364 19365 19366 19389 19390 19391 19392 19393 19394 19395 19396 19397 19399 19400 19401 19430 19431 19432 19433 19434 19435 19436 19437 19438 19439 19440 19441 19442 19443 19444 19445 19446 19447 19448 19449 19450 19451 19452 19453 19454 19455 19456 19457 19458 19459 19460 19461 19529 19530 19541 19542 19543 19544 19545 19546 19547 19548 19549 19550 19551 19563 19564 19565 19579 19580 19581 19582 19583 19584 19585 19591 
	}

	weather = {
	}
}
