strategic_region = {
	id = 44
	name = "STRATEGICREGION_44"

	provinces = {
		3 21 25 85 89 90 113 128 151 217 237 251 280 304 316 330 369 445 472 494 496 502 534 536 543 564 570 625 637 655 698 798 809 833 863 931 1042 1047 1069 1076 1080 1126 1161 1167 1205 1225 1233 1249 1286 1405 1422 1460 1469 1482 1498 1502 1534 1543 1555 1614 1618 1632 1666 1750 1797 1811 1840 1842 1895 1907 1909 1916 1943 1995 2008 2062 2089 2115 2159 2179 2202 2339 2344 2346 2368 2401 2408 2460 2469 2490 2544 2553 2604 2637 2644 2651 2685 2695 2701 2721 2745 2757 2770 2812 2941 2981 3081 3085 3086 3092 3117 3198 3209 3231 3252 3280 3283 3296 3297 3306 3311 3334 3336 3426 3446 3447 3476 3504 3514 3542 3569 3581 3585 3666 3723 3752 3762 3786 3843 3864 3939 3955 3999 4052 4105 4128 4183 4188 4189 4214 4231 4270 4272 4351 4381 4385 4402 4431 4443 4444 4508 4516 4521 4548 4574 4589 4594 4599 4654 4656 4687 4698 4775 4794 4806 4820 4837 4912 4941 4961 4972 4979 4997 5005 5050 5065 5069 5083 5100 5103 5104 5145 5155 5163 5164 5187 5258 5269 5293 5314 5330 5360 5362 5376 5408 5437 5439 5535 5571 5584 5591 5628 5660 5665 5669 5687 5692 5696 5699 5738 5749 5757 5805 5828 5856 5893 5894 5919 5950 5955 5967 5971 5988 5998 6013 6024 6098 6154 6163 6173 6212 6259 6298 6321 6341 6369 6404 6407 6412 6433 6445 6481 6546 6557 6596 6633 6638 6643 6644 6661 6671 6688 6691 6760 6766 6768 6809 6821 6836 6848 6890 6930 6934 6956 6962 6969 6976 6980 6997 7014 7023 7073 7108 7127 7132 7152 7191 7267 7287 7292 7299 7304 7305 7351 7358 7385 7394 7426 7446 7449 7450 7455 7503 7510 7518 7522 7544 7581 7596 7628 7670 7671 7681 7702 7715 7728 7773 7789 7807 7813 7821 7837 7863 7885 7917 7921 7929 7948 7951 7967 7992 7994 8054 8074 8095 8099 8101 8105 8184 8189 8192 8207 8258 8332 8400 8416 8421 8436 8443 8463 8491 8494 8509 8522 8587 8619 8621 8633 8647 8652 8653 8657 8659 8694 8716 8723 8796 8812 8814 8832 8872 8884 8889 8893 8905 8948 8990 9001 9002 9003 9018 9057 9074 9100 9140 9174 9188 9189 9195 9213 9290 9297 9327 9349 9366 9384 9431 9440 9532 9640 9648 9659 9705 9739 9763 9770 9772 9806 9830 9894 9895 9907 9915 9931 9935 9977 10028 10029 10088 10119 10132 10134 10167 10186 10216 10220 10265 10294 10308 10362 10372 10492 10494 10553 10599 10612 10628 10662 10703 10723 10735 10736 10749 10753 10763 10776 10782 10815 10840 10853 10912 10916 10920 10952 11015 11063 11066 11082 11087 11093 11094 11103 11149 11151 11230 11276 11288 11357 11366 11381 11389 11402 11403 11410 11413 11418 11431 11433 11445 11483 11516 11534 11557 11565 11571 11592 11664 11666 11678 11710 11733 11784 11785 11789 11810 11818 11878 11898 11903 11921 11945 11955 11991 12004 12013 12021 12033 12081 12159 12178 12188 12209 12246 12286 12309 12328 12386 12400 12409 12428 12438 12513 12570 12576 12589 12604 12628 12637 12643 12696 12699 12706 12730 12749 12766 12769 12805 12835 12849 12958 12979 12996 13094 13112 13144 13165 13199 13225 13251 13252 13273 13286 13330 13346 13417 13433 13449 13453 13462 13506 13587 13616 13652 13701 13709 13832 13860 13930 13944 13998 14005 14126 14147 14151 14183 14227 14241 14259 14273 14470 14617 14739 14821 14862 14908 14919 14937 14945 14991 14992 15006 15026 15052 15065 15066 15069 15091 15099 15104 15105 15106 15107 15109 15110 15111 15114 15120 15131 15134 15147 15175 15186 15195 15199 15205 15211 15219 15240 15248 15253 15256 15257 15282 15293 15302 15311 15326 15335 15338 15360 15376 15382 15412 15425 15450 15465 15481 15482 15489 15496 15497 15524 15533 15534 15559 15568 15576 15596 15616 15646 15651 15743 15899 15927 15983 15992 16232 16236 16263 16357 16381 16408 16413 16418 16436 16452 16461 16476 16477 16519 16540 16551 16573 16606 16610 16611 16623 16628 16640 16646 16648 16655 16670 16674 16675 16682 16695 16697 16703 16705 16714 16760 16764 16772 16796 16803 16865 16886 16897 16915 16924 16942 16970 16985 17025 17065 17793 18049 18053 18268 18269 18270 18271 18272 18273 18274 18275 18276 18277 18278 18279 18280 18281 18282 18283 18284 18285 18286 18287 18288 18289 18340 18352 18353 18354 18355 18356 18357 18358 18359 18360 18361 18362 18363 18364 18365 18366 18367 18368 18369 18370 18371 18372 18373 18374 18375 18376 18377 18378 18379 18380 18381 18382 18383 18384 18682 18744 18745 18746 18747 18748 18816 18821 18829 18830 18832 18833 18834 18835 18836 18837 18838 18839 18949 18950 18951 18952 18953 18954 18955 18956 18957 18958 18959 18960 18961 18962 18963 18964 18965 18966 18967 18968 18969 18970 18971 18972 18973 18975 18976 18977 18978 18979 18980 18981 18982 18983 18984 18985 18989 19014 19015 19016 19017 19018 19020 
	}

	weather = {
		period = {
			between = { 0.0 30.0 }
			temperature = { -17.4 -10.5 }
			no_phenomenon = 0.2
			rain_light = 0.05
			rain_heavy = 0.025
			snow = 0.75
			blizzard = 0.35
			arctic_water = 0
			mud = 0.1
			sandstorm = 0
			min_snow_level = 0
		}
		period = {
			between = { 0.1 27.1 }
			temperature = { -10.5 -3 }
			no_phenomenon = 0.3
			rain_light = 0.05
			rain_heavy = 0.025
			snow = 0.675
			blizzard = 0.45
			arctic_water = 0
			mud = 0.3
			sandstorm = 0
			min_snow_level = 0
		}
		period = {
			between = { 0.2 30.2 }
			temperature = { -3 9 }
			no_phenomenon = 0.4
			rain_light = 0.1
			rain_heavy = 0.05
			snow = 0.1
			blizzard = 0
			arctic_water = 0
			mud = 0.8
			sandstorm = 0
			min_snow_level = 0
		}
		period = {
			between = { 0.3 29.3 }
			temperature = { 10 16.5 }
			no_phenomenon = 0.75
			rain_light = 0.15
			rain_heavy = 0.075
			snow = 0
			blizzard = 0
			arctic_water = 0
			mud = 0.25
			sandstorm = 0
			min_snow_level = 0
		}
		period = {
			between = { 0.4 30.4 }
			temperature = { 15 24 }
			no_phenomenon = 0.8
			rain_light = 0.2
			rain_heavy = 0.1
			snow = 0
			blizzard = 0
			arctic_water = 0
			mud = 0.15
			sandstorm = 0
			min_snow_level = 0
		}
		period = {
			between = { 0.5 29.5 }
			temperature = { 25 34.5 }
			no_phenomenon = 0.9
			rain_light = 0.125
			rain_heavy = 0.075
			snow = 0
			blizzard = 0
			arctic_water = 0
			mud = 0.05
			sandstorm = 0
			min_snow_level = 0
		}
		period = {
			between = { 0.6 30.6 }
			temperature = { 30.5 41 }
			no_phenomenon = 0.925
			rain_light = 0.1
			rain_heavy = 0.05
			snow = 0
			blizzard = 0
			arctic_water = 0
			mud = 0.015
			sandstorm = 0
			min_snow_level = 0
		}
		period = {
			between = { 0.7 30.7 }
			temperature = { 25 37 }
			no_phenomenon = 0.9
			rain_light = 0.15
			rain_heavy = 0.05
			snow = 0
			blizzard = 0
			arctic_water = 0
			mud = 0.005
			sandstorm = 0
			min_snow_level = 0
		}
		period = {
			between = { 0.8 29.8 }
			temperature = { 12 20 }
			no_phenomenon = 0.65
			rain_light = 0.25
			rain_heavy = 0.1
			snow = 0
			blizzard = 0
			arctic_water = 0
			mud = 0.1
			sandstorm = 0
			min_snow_level = 0
		}
		period = {
			between = { 0.9 30.9 }
			temperature = { 6 12 }
			no_phenomenon = 0.6
			rain_light = 0.35
			rain_heavy = 0.2
			snow = 0
			blizzard = 0
			arctic_water = 0
			mud = 0.25
			sandstorm = 0
			min_snow_level = 0
		}
		period = {
			between = { 0.10 29.10 }
			temperature = { 0 4 }
			no_phenomenon = 0.75
			rain_light = 0.15
			rain_heavy = 0.075
			snow = 0
			blizzard = 0
			arctic_water = 0
			mud = 0.15
			sandstorm = 0
			min_snow_level = 0
		}
		period = {
			between = { 0.11 30.11 }
			temperature = { -14 -5 }
			no_phenomenon = 0.3
			rain_light = 0.1
			rain_heavy = 0.05
			snow = 0.6
			blizzard = 0.3
			arctic_water = 0
			mud = 0.075
			sandstorm = 0
			min_snow_level = 0
		}
	}
}
