
strategic_region={
	id=45
	name="STRATEGICREGION_45"
	provinces={
		14 41 93 103 132 169 185 194 292 315 332 460 538 562 628 792 886 899 918 949 1010 1103 1117 1230 1300 1301 1302 1331 1360 1361 1368 1486 1526 1662 1713 1733 1747 1768 1808 1820 1941 1947 1978 1979 2119 2166 2182 2186 2284 2397 2402 2498 2522 2633 2673 2700 2771 2778 2805 2824 2869 3015 3066 3143 3193 3224 3302 3452 3513 3591 3701 3748 3757 3784 3799 3857 3884 4134 4193 4298 4404 4410 4432 4442 4527 4598 4625 4683 4733 4896 4897 4974 5060 5073 5106 5198 5503 5619 5662 5675 5806 5846 5875 5888 5997 6000 6016 6050 6062 6090 6123 6152 6190 6226 6381 6444 6450 6485 6536 6663 6703 6793 6825 6925 7058 7083 7171 7266 7310 7315 7334 7507 7521 7527 7569 7657 7664 7744 7805 7925 7931 7949 7962 7968 7973 7976 8004 8119 8153 8255 8278 8379 8444 8450 8478 8480 8490 8500 8507 8515 8578 8595 8601 8638 8648 8735 8839 8962 9093 9132 9173 9222 9281 9340 9453 9467 9476 9738 9842 9880 9892 10115 10181 10203 10228 10338 10351 10858 10868 10911 10929 10939 10963 11006 11059 11133 11152 11269 11463 11544 11560 11662 11726 11758 11816 11844 11948 11994 12040 12084 12085 12115 12163 12179 12198 12272 12308 12339 12425 12511 12573 12627 12629 12760 12782 12869 12897 14554 14569 14585 14608 14610 14630 14661 14670 14674 14678 14686 14688 14698 14699 14710 14729 14733 14742 14743 14748 14761 14786 14792 14793 14798 14825 14828 14832 14840 14861 14883 14904 14906 14911 14950 14962 14967 14968 14988 15012 15018 15020 15030 15032 15043 15049 15058 15080 15100 15121 15123 15138 15152 15158 15166 15170 15173 15187 15189 15197 15202 15212 15218 15232 15251 15262 15284 15290 
	}
	weather={
	}
}
