strategic_region = {
	id = 45
	name = "STRATEGICREGION_45"

	provinces = {
		14 93 103 132 169 194 332 460 538 562 792 886 899 918 1010 1103 1117 1230 1331 1360 1361 1486 1526 1733 1747 1768 1808 1941 1947 1978 1979 2119 2166 2186 2284 2397 2522 2771 2824 3015 3066 3143 3452 3513 3701 3757 3884 4134 4298 4404 4410 4527 4683 4733 4896 4897 4974 5060 5073 5106 5198 5503 5619 5806 5875 5888 5997 6000 6050 6062 6123 6190 6226 6381 6444 6450 6485 6536 6825 6925 7171 7266 7310 7334 7521 7527 7664 7744 7931 7962 7968 7973 7976 8119 8255 8278 8444 8478 8490 8500 8515 8578 8595 8601 8638 8735 9093 9132 9173 9281 9453 9467 9476 9842 9880 9892 10115 10181 10338 10858 10868 10929 10939 11006 11059 11133 11152 11463 11544 11560 11662 11726 11844 11948 12040 12084 12198 12425 12573 12869 14610 14630 14661 14674 14688 14699 14743 14761 14786 14792 14793 14798 14828 14832 14840 14861 14883 14906 14911 14950 14968 15012 15018 15030 15043 15049 15080 15121 15138 15152 15158 15166 15170 15173 15197 15218 15251 15262 15284 15290 
	}

	weather = {
	}
}
