strategic_region = {
	id = 46
	name = "STRATEGICREGION_46"

	provinces = {
		117 256 379 412 731 778 860 885 1096 1348 1798 1832 1874 2013 2046 2090 2336 2450 2502 2508 2557 2774 2865 2940 3016 3062 3083 3145 3211 3287 3383 3625 3672 3690 3804 3837 3996 4028 4318 4496 4706 4715 4952 5015 5056 5162 5193 5343 5578 5603 5695 5755 5841 5858 5987 6526 6598 6614 6629 6772 6829 7148 7352 7360 7432 7524 7668 7694 7765 7874 8303 8326 8346 8468 8546 8856 9008 9139 9180 9273 9321 9326 9329 9344 9469 9586 9719 9724 9736 9773 9968 10013 10085 10269 10402 11042 11253 11434 11508 11585 11777 11851 11852 11992 12358 12490 12577 12661 12695 12734 12758 12817 12901 15331 15337 15349 15352 15359 15373 15383 15384 15433 15456 15468 15494 15510 15512 15520 15541 15551 15555 15558 15563 15577 15608 15609 15621 15632 15675 15681 15689 15699 15704 15712 15724 15728 15776 15790 15824 15825 15835 15873 
	}

	weather = {
	}
}
