strategic_region = {
    id = 47
    name = "STRATEGICREGION_47"

    provinces = {
        33 39 294 452 557 637 733 746 921 1033 1098 1540 1750 1943 2493 2515 2586 2604 2995 3029 3092 3341 3598 3949 4128 4190 4434 4454 4500 4507 4779 5007 5054 5301 5458 5610 5923 6092 6361 6569 6626 6969 7026 7141 7174 7328 7455 7513 7979 8058 8116 8223 8497 8556 8796 8972 9146 9404 9436 9532 9828 9871 9894 10291 10729 10749 10912 11069 11469 11532 11611 11849 11933 11955 12081 12172 12188 12283 12435 12748 12813 12927 15006 15064 15066 15071 15106 15111 15140 15248 15249 15255 15257 15261 15275 15279 15283 15286 15289 15340 15385 15389 15398 15401 15436 15439 15447 15471 15499 15900 18051 18052 18054 18056 18059 18060 18062 
    }

    weather = {
    }
}
