strategic_region = {
	id = 48
	name = "STRATEGICREGION_48"

	provinces = {
		38 115 148 164 205 212 224 253 295 307 310 333 347 386 401 403 453 459 473 514 542 588 609 618 631 675 689 709 737 745 753 829 868 878 927 935 961 1011 1150 1177 1182 1219 1261 1267 1346 1357 1366 1370 1373 1391 1500 1504 1527 1566 1628 1642 1648 1651 1660 1728 1790 1847 1873 1893 1922 1982 1992 2016 2042 2070 2084 2164 2199 2255 2320 2391 2396 2421 2422 2523 2573 2652 2706 2727 2777 2884 2895 2907 2926 2994 3104 3131 3294 3315 3357 3544 3587 3614 3680 3738 3788 3824 3854 3870 3897 3904 3945 3970 4061 4073 4097 4118 4130 4133 4160 4185 4211 4223 4253 4269 4278 4344 4476 4531 4541 4547 4558 4575 4592 4595 4601 4611 4623 4635 4665 4688 4693 4726 4735 4791 4835 4862 4930 4964 4967 4980 4988 5000 5004 5020 5039 5041 5049 5120 5139 5167 5196 5203 5221 5290 5327 5364 5381 5430 5481 5516 5555 5597 5627 5697 5706 5795 5811 5852 5900 5929 5937 5969 5980 6008 6032 6065 6108 6126 6161 6217 6248 6250 6291 6301 6316 6349 6352 6380 6392 6399 6403 6428 6497 6534 6538 6653 6705 6731 6737 6747 6839 6856 6882 6926 6939 6983 6999 7000 7003 7005 7138 7193 7196 7215 7259 7303 7319 7373 7405 7416 7440 7475 7506 7511 7530 7545 7614 7623 7631 7665 7792 7843 7927 7954 8034 8152 8211 8219 8222 8250 8281 8353 8391 8395 8419 8473 8495 8502 8506 8538 8542 8550 8610 8671 8791 8802 8822 8862 8881 8911 8918 8939 8961 9021 9077 9088 9116 9163 9187 9292 9294 9298 9311 9430 9442 9528 9542 9604 9617 9655 9657 9669 9701 9727 9811 9875 9912 9939 9942 9972 9973 9974 9994 10033 10075 10100 10109 10114 10198 10257 10274 10363 10365 10376 10425 10508 10533 10539 10545 10675 10683 10692 10698 10737 10755 10825 10848 10900 10906 10974 11067 11072 11074 11078 11138 11139 11194 11198 11212 11225 11365 11368 11371 11391 11464 11484 11490 11518 11521 11541 11575 11598 11621 11650 11684 11714 11762 11835 11908 11937 11958 11977 11987 11990 12007 12017 12020 12029 12036 12060 12092 12098 12146 12227 12235 12242 12247 12263 12264 12275 12303 12320 12382 12410 12479 12482 12518 12585 12626 12710 12739 12794 12827 12842 12843 12913 12915 15998 16028 16037 16039 16058 16059 16076 16100 16102 16110 16116 16124 16134 16135 16158 16161 16172 16180 16191 16196 16200 16212 16250 16255 16264 16266 16270 16272 16273 16277 16278 16288 16303 16304 16322 16332 16340 16341 16355 16359 16376 16382 16385 16391 16401 16404 16419 16424 16437 16454 16456 16474 16480 16485 16503 16510 16512 16517 16527 16533 16541 16553 16554 16557 16563 16564 16569 16574 16579 16584 16586 16594 16596 16597 16603 16608 16612 16620 16622 16624 16626 16629 16637 16641 16645 16647 16653 16658 16661 16665 16668 16673 16679 16684 16690 16698 16699 16706 16715 16724 16725 16727 16732 16737 16752 16753 16755 16770 16771 16788 16794 16809 16813 16819 16836 16874 16900 16911 16914 16928 16941 16944 
	}

	weather = {
	}
}
