strategic_region = {
	id = 56
	name = "STRATEGICREGION_56"

	provinces = {
		80 1018 1107 1275 1337 1787 1876 3310 3343 3826 3956 4085 4202 4224 4453 4894 5502 5532 5681 5868 5897 6246 6619 6752 6824 6932 7331 7868 7940 8050 8088 8103 8233 8350 8784 9098 9246 9512 9544 10104 10146 10313 10426 10681 11071 11292 11334 11779 12329 12682 12795 12796 12803 12811 12992 13223 14697 16143 16169 16203 16206 16251 16280 16282 16291 16326 16374 16397 16433 18399 18400 18404 18405 18407 18408 18409 18410 18530 
	}

	weather = {
	}
}
