strategic_region = {
	id = 57
	name = "STRATEGICREGION_57"

	provinces = {
		39 162 294 340 557 728 733 735 746 857 900 921 951 1033 1070 1168 1244 1260 1271 1397 1495 1519 1540 1553 1643 1649 1677 1749 1887 1945 2100 2162 2169 2236 2312 2399 2427 2515 2562 2594 2620 2642 2682 2763 2868 2904 2944 2978 3225 3237 3291 3321 3333 3341 3418 3437 3467 3500 3521 3535 3594 3598 3623 3648 3649 3782 3887 3901 3949 3992 4016 4035 4157 4162 4190 4291 4376 4436 4454 4483 4507 4723 4752 4758 4779 4860 4959 4978 5007 5016 5054 5111 5115 5117 5140 5183 5286 5300 5401 5458 5471 5530 5543 5544 5565 5610 5705 5714 5876 5923 5933 5972 6014 6069 6092 6122 6251 6256 6333 6361 6375 6418 6626 6668 6741 6765 6789 6796 6869 6919 7026 7159 7174 7254 7279 7296 7318 7323 7328 7366 7504 7513 7723 7827 7892 7932 7975 7979 8058 8078 8166 8172 8238 8266 8312 8313 8442 8454 8497 8524 8556 8568 8611 8634 8738 8757 8777 8794 8833 8858 8861 8869 8992 9104 9118 9146 9178 9209 9238 9274 9348 9404 9415 9436 9649 9666 9768 9824 9848 9866 9914 9953 9955 10065 10145 10169 10201 10288 10289 10291 10341 10386 10421 10442 10468 10485 10506 10672 10722 10729 10882 11069 11114 11176 11206 11352 11407 11440 11462 11469 11500 11669 11735 11738 11743 11793 11821 11849 11871 11875 11891 11933 11967 11969 11979 12024 12025 12026 12050 12093 12105 12283 12292 12301 12353 12385 12393 12435 12457 12464 12468 12582 12610 12772 12797 12813 12825 12833 12866 12916 12927 12969 13108 13240 13250 13372 13511 13551 13562 13719 13728 13799 14190 14580 14592 14597 14662 14676 14790 15064 15071 15249 15255 15261 15279 15283 15285 15286 15289 15340 15344 15389 15398 15401 15416 15420 15439 15447 15500 15522 15697 15934 15995 16051 16064 16073 16084 16109 16133 16144 16147 16153 16171 16173 16174 16178 16182 16189 16216 16221 16223 16224 16241 16243 16249 16253 16261 16274 16330 16333 16338 16406 16423 16492 16590 16619 16975 17160 17170 17197 17228 17233 17307 17343 17344 17378 17394 17412 17416 17439 17448 17492 17508 17509 17527 17552 17608 17638 17693 17697 17701 17712 17760 17769 17801 17852 17855 17903 17911 17912 17916 17928 17932 17938 18073 18092 18385 18386 18387 18388 18389 18390 18391 18392 18393 18394 18395 18406 18421 18422 18423 18424 18425 18426 18427 18428 18429 18430 18431 18432 18433 18434 18435 18436 18437 18438 18439 18440 18441 18442 18443 18444 18446 18447 18448 18450 18451 18452 18453 18454 18455 18462 18463 18809 
	}

	weather = {
	}
}
