strategic_region = {
	id = 59
	name = "STRATEGICREGION_59"

	provinces = {
		6 321 326 756 757 832 923 1163 1221 1304 1631 1789 1999 2086 2173 2348 2446 2759 2796 2963 3108 3827 3836 3893 3965 4163 4280 4549 4699 5227 5275 5390 5427 5470 5507 5524 6409 6580 6724 6933 7035 7067 7253 7361 8333 8558 8669 8743 8816 8819 9096 9121 9169 9276 9398 9402 9568 9638 9668 9698 10042 10118 10120 10157 10272 10355 10356 10375 10627 10720 10762 10778 10790 11118 11218 11305 11599 11882 11886 11906 12008 12574 12798 13302 15861 15920 15921 15932 15939 15965 15993 16005 16052 16091 16093 16108 16112 16121 16167 16188 16207 16213 16244 16279 16284 16307 16312 16342 16375 16420 16434 16441 16459 16495 16508 18067 18068 18069 
	}

	weather = {
	}
}
