strategic_region = {
	id = 6
	name = "STRATEGICREGION_6"

	provinces = {
		10 146 180 271 394 430 574 593 606 682 759 806 977 1000 1021 1045 1095 1214 1251 1281 1308 1315 1351 1424 1446 1463 1485 1575 1634 1663 1711 1740 1836 1865 1880 1905 1955 2149 2185 2411 2412 2431 2535 2538 2768 2794 2929 3025 3098 3172 3210 3373 3389 3412 3464 3483 3583 3660 3714 3721 3783 3791 3818 3828 3844 3885 3889 3915 4038 4074 4107 4179 4426 4446 4614 4643 4697 4725 4780 4814 4817 4841 4853 4963 5209 5329 5336 5377 5385 5416 5418 5566 5783 5784 5809 5849 5990 6081 6139 6149 6155 6244 6311 6411 6448 6467 6649 6678 6704 6844 6900 6978 6988 7110 7120 7197 7362 7441 7539 7677 7783 7841 7849 7851 7957 8072 8226 8412 8451 8559 8705 8764 8845 9029 9030 9103 9171 9207 9249 9279 9325 9372 9373 9395 9416 9444 9474 9526 9760 9774 9807 9821 9926 10060 10073 10174 10245 10255 10323 10410 10462 10469 10496 10511 10606 10624 10693 10808 10820 10839 10898 10919 10930 10941 10962 11001 11032 11097 11108 11111 11217 11219 11222 11240 11344 11425 11471 11474 11622 11640 11712 11870 11953 12055 12097 12114 12134 12202 12327 12342 12368 12503 12520 12566 12595 12664 12759 12812 12863 12894 12895 13160 13169 13910 13932 13937 14007 14008 14040 14050 14051 14068 14073 14080 14085 14089 14102 14103 14122 14129 14132 14158 14172 14173 14175 14182 14191 14201 14211 14215 14218 14220 14225 14255 14277 14285 14292 14293 14302 14306 14316 14328 14358 14363 14368 14382 14383 14387 14404 14409 14421 14432 14434 14453 14454 14483 14501 14506 14517 14529 14537 14541 14576 14625 14626 14660 14687 14700 18037 18230 18231 18254 18255 18256 18257 18258 18259 18260 18261 
	}

	weather = {
	}
}
