strategic_region = {
	id = 6
	name = "STRATEGICREGION_6"

	provinces = {
		10 88 146 155 177 180 197 271 394 430 480 533 572 574 585 593 606 613 638 674 682 759 806 819 822 855 977 997 1000 1007 1013 1021 1045 1066 1111 1124 1214 1251 1281 1308 1315 1328 1351 1358 1424 1446 1463 1485 1523 1575 1605 1619 1634 1663 1672 1685 1711 1721 1740 1836 1865 1880 1900 1905 1955 1974 2104 2149 2185 2254 2374 2411 2412 2431 2444 2453 2535 2538 2632 2687 2747 2768 2780 2794 2823 2909 2929 3025 3065 3098 3172 3210 3373 3389 3412 3462 3464 3510 3512 3563 3583 3657 3660 3714 3721 3729 3783 3791 3810 3818 3828 3844 3885 3889 3909 3915 3987 4012 4038 4074 4099 4107 4179 4217 4225 4300 4426 4446 4459 4535 4563 4614 4643 4697 4702 4708 4725 4780 4814 4817 4829 4839 4841 4853 4911 4948 4953 4963 4970 5035 5126 5209 5238 5245 5323 5329 5336 5377 5385 5410 5416 5418 5482 5566 5621 5626 5629 5782 5783 5784 5798 5809 5849 5990 6063 6078 6081 6136 6139 6149 6155 6224 6244 6311 6377 6396 6408 6411 6448 6467 6528 6649 6678 6716 6771 6827 6835 6844 6872 6900 6978 6988 7060 7099 7110 7120 7197 7210 7329 7336 7362 7398 7441 7502 7516 7539 7635 7644 7677 7734 7815 7841 7845 7846 7849 7851 7957 8072 8090 8098 8226 8227 8293 8412 8427 8464 8471 8559 8602 8667 8705 8764 8787 8845 9029 9030 9103 9171 9207 9249 9279 9325 9333 9360 9372 9373 9395 9412 9416 9444 9454 9465 9474 9499 9526 9550 9580 9699 9707 9716 9760 9774 9807 9821 9840 9925 9926 9985 10002 10060 10073 10074 10174 10245 10255 10323 10328 10374 10394 10410 10439 10462 10469 10496 10511 10559 10603 10606 10624 10801 10808 10820 10839 10898 10919 10930 10941 10946 10962 11001 11002 11030 11032 11048 11108 11111 11153 11180 11217 11219 11222 11226 11240 11331 11344 11425 11471 11474 11502 11548 11616 11622 11638 11640 11663 11712 11742 11747 11755 11802 11817 11870 11902 11953 12031 12055 12097 12103 12134 12202 12222 12315 12327 12342 12503 12520 12566 12595 12664 12686 12759 12812 12857 12863 12894 12895 13886 13910 13912 13932 13937 13951 14007 14008 14040 14049 14050 14051 14068 14073 14077 14079 14080 14085 14089 14102 14103 14122 14129 14132 14146 14158 14161 14162 14171 14172 14173 14174 14175 14177 14179 14182 14191 14201 14206 14208 14211 14212 14213 14215 14218 14220 14225 14245 14250 14255 14261 14276 14277 14280 14281 14282 14285 14290 14292 14293 14296 14297 14298 14302 14306 14308 14312 14315 14318 14320 14327 14328 14335 14336 14341 14346 14347 14357 14358 14363 14367 14368 14374 14376 14378 14382 14383 14387 14393 14403 14404 14405 14406 14409 14412 14414 14421 14430 14434 14435 14439 14443 14445 14451 14453 14454 14482 14483 14501 14506 14508 14529 14537 14540 14541 14564 14576 14584 14625 14626 14660 14687 14700 18029 18031 18032 18033 18035 18037 18230 18231 18254 18255 18256 18257 18258 18259 18260 18261 
	}

	weather = {
	}
}
