strategic_region = {
	id = 60
	name = "STRATEGICREGION_60"

	provinces = {
		4 112 120 255 283 577 583 635 692 871 1152 1441 1480 1641 1795 1853 1877 1889 1964 2006 2241 2281 2293 2606 2742 2766 2838 3087 3115 3264 3613 3645 3852 4026 4261 4350 4441 4569 4590 4868 4879 4889 5003 5089 5151 5234 5419 5425 5620 5729 5859 5979 6164 6193 6370 6493 6791 6849 6960 7041 7054 7092 7094 7314 7387 7408 7529 7576 7595 7720 8009 8279 8285 8424 8469 8561 8590 8741 8804 8852 8879 8958 9022 9063 9162 9235 9339 9351 9451 9879 9928 9956 10258 10419 10478 10530 10644 10699 10708 10719 10758 10870 10965 10988 11050 11346 11587 11803 11866 11949 12152 12206 12321 12349 12357 12517 12529 12553 12651 13309 13846 13878 13997 14006 14014 14066 14090 15530 15573 15581 15583 15598 15604 15620 15629 15648 15660 15672 15684 15694 15696 15710 15713 15720 15753 15754 15759 15791 15797 15800 15812 15817 15819 15828 15836 15846 15850 15867 15883 15885 15923 15959 15972 16000 18290 
	}

	weather = {
	}
}
