strategic_region = {
	id = 61
	name = "STRATEGICREGION_61"

	provinces = {
		40 53 182 214 220 235 273 319 478 685 782 854 881 968 987 1075 1191 1269 1274 1285 1356 1429 1546 1869 1953 2026 2105 2124 2142 2191 2271 2285 2314 2329 2383 2548 2646 2649 2715 2722 2756 2859 2939 2999 3035 3100 3196 3233 3267 3303 3402 3470 3487 3665 3671 3704 3718 3731 3746 3766 3790 3841 3942 3953 3957 4007 4058 4082 4092 4220 4258 4364 4493 4518 4553 4603 4744 4749 4774 4882 4931 5001 5190 5248 5252 5304 5320 5382 5395 5398 5440 5493 5542 5690 5754 5779 5819 5887 5909 5944 5977 5989 6073 6102 6254 6308 6424 6494 6499 6502 6511 6609 6632 6674 6682 6831 6970 7133 7135 7140 7220 7235 7308 7377 7414 7484 7663 7724 7771 7972 8080 8145 8168 8170 8228 8300 8426 8431 8461 8466 8501 8510 8539 8613 8614 8616 8627 8915 9006 9278 9359 9385 9429 9535 9538 9553 9563 9566 9567 9607 9614 9618 9635 9642 9665 9693 9817 9839 9947 9957 10081 10099 10188 10200 10256 10273 10317 10406 10452 10481 10549 10595 10679 10739 10890 10975 10979 11004 11077 11136 11192 11290 11304 11446 11466 11501 11566 11630 11636 11672 11683 11717 11840 11997 12069 12075 12138 12169 12325 12407 12612 12614 12639 12668 12788 12837 13005 13037 13042 13099 13133 13171 13213 13220 13262 13308 13323 13341 13392 13413 13873 14159 14313 14350 14471 15092 15135 15303 15419 15443 15594 15610 15649 15655 15705 15739 15740 15762 15773 15789 15792 15802 15807 15809 15810 15811 15832 15839 15842 15844 15862 15864 15868 15881 15886 15887 15891 15895 15896 15904 15930 15936 15969 15971 15973 15977 15980 16012 16023 16048 16063 16082 16083 16087 16096 16103 16149 16238 16318 16334 16414 16535 16728 16798 16931 18411 18412 18413 18414 18415 18416 18531 18532 18751 18752 18753 18758 18759 18760 18762 18763 
	}

	weather = {
	}
}
