strategic_region = {
	id = 63
	name = "STRATEGICREGION_63"

	provinces = {
		18 19 23 114 246 302 314 318 342 427 434 524 548 634 701 712 861 944 947 1015 1196 1231 1339 1374 1377 1443 1444 1496 1559 1567 1573 1630 1671 1682 1723 1764 1806 1850 1879 1914 1938 1971 2082 2225 2295 2372 2530 2605 2643 2667 2702 2744 2788 2826 2834 2876 2882 2886 3004 3026 3046 3078 3090 3118 3159 3168 3176 3208 3218 3265 3268 3309 3456 3493 3578 3606 3641 3674 3702 3707 3733 3751 3770 3792 3819 3839 3866 3963 4030 4032 4037 4065 4093 4100 4115 4148 4191 4362 4487 4578 4644 4670 4675 4768 4902 4905 4928 4971 4989 4995 5031 5105 5129 5184 5208 5218 5224 5415 5485 5510 5572 5574 5612 5639 5649 5737 5758 5772 5905 5931 5961 5965 6029 6031 6072 6124 6142 6158 6234 6237 6368 6386 6398 6406 6474 6550 6606 6651 6680 6701 6712 6720 6770 6862 6895 6902 6908 6937 7065 7066 7097 7162 7178 7201 7237 7272 7342 7344 7350 7399 7489 7638 7645 7651 7673 7697 7721 7749 7785 7795 7831 8003 8016 8033 8068 8102 8142 8144 8185 8277 8410 8433 8477 8492 8508 8566 8681 8690 8708 8746 8756 8782 8799 8895 8898 8899 8945 8971 9055 9095 9332 9427 9460 9519 9646 9678 9733 9881 9886 9900 9958 10176 10179 10282 10304 10345 10346 10384 10435 10453 10483 10488 10510 10520 10617 10663 10710 10751 10760 10800 10824 10891 10902 10968 10971 10994 11021 11123 11173 11204 11252 11274 11513 11526 11533 11609 11646 11727 11729 11732 11807 11846 12016 12046 12086 12095 12133 12143 12211 12300 12338 12359 12389 12406 12461 12494 12516 12569 12634 12657 12660 12826 12839 12917 12922 13002 13214 13586 13624 13675 13680 13756 13821 13947 13970 14026 14043 14083 14165 14166 14205 14226 14229 14240 14252 14270 14271 14304 14325 14385 14401 14423 14425 14469 14474 14502 14509 14516 14520 14539 14756 14789 14999 15013 15059 15127 15200 15220 15224 15231 15246 15264 15268 15269 15304 15306 15350 15361 15366 15368 15377 15378 15445 15459 15470 15483 15502 15526 15529 15545 15552 15553 15613 15618 15622 15643 15647 15657 15690 15717 15725 15734 15770 15777 15781 15847 15865 15875 15943 16118 16193 16233 16534 16539 16589 16593 16600 16601 16827 17094 17116 17136 17222 17237 17271 17304 17335 17415 17457 17458 17476 17490 17496 17511 17519 17598 17629 17648 17656 17764 17765 17768 17775 17782 17881 17882 17884 18098 18134 18143 18144 18145 18217 18304 18514 18515 18516 18517 18518 18519 18525 18605 18653 18656 18657 18658 18659 18660 18661 18662 18663 18664 18665 18667 18668 18669 18670 18671 18672 18673 18676 18677 18678 18679 18680 18681 18684 18685 18686 18687 18699 18704 18705 18706 18707 18708 18709 18710 18711 18712 18713 18714 18715 18716 18717 18718 18719 18720 18721 18722 18723 18724 18725 18726 18727 18728 18729 18730 18731 18732 18735 18736 
	}

	weather = {
	}
}
