strategic_region = {
	id = 64
	name = "STRATEGICREGION_64"

	provinces = {
		37 52 110 723 1028 1057 1089 1209 1229 1277 1320 1432 1670 1745 1748 1771 1818 1857 1885 1886 1962 2112 2127 2275 2404 2477 2576 2587 2664 2679 2736 2829 2979 3053 3121 3187 3359 3440 3472 3492 3498 3499 3524 3561 3640 3716 3744 3749 3869 3946 4023 4060 4171 4232 4305 4356 4365 4389 4586 4627 4850 4877 5013 5036 5055 5110 5125 5215 5226 5432 5492 5531 5554 5575 5661 5759 5793 5829 5946 6002 6088 6104 6170 6203 6275 6312 6319 6342 6356 6453 6487 6491 6495 6560 6570 6777 6843 6853 6950 6968 6977 7158 7186 7275 7482 7937 8012 8015 8045 8175 8234 8338 8344 8347 8624 8699 8715 8937 9014 9221 9382 9391 9764 9786 9887 9902 10031 10172 10241 10326 10505 10563 10579 10630 10809 10849 10899 10945 11000 11058 11068 11181 11233 11262 11272 11273 11303 11428 11515 11550 11799 11911 11940 11966 12089 12224 12260 12284 12323 12495 12509 12561 12616 12865 13831 13874 13900 13902 13929 13935 13941 13969 14024 14998 15000 15035 15036 15068 15072 15089 15103 15119 15128 15151 15154 15157 15167 15174 15176 15185 15194 15203 15204 15214 15229 15233 15238 15252 15274 15288 15298 15313 15320 15327 15334 15348 15354 15365 15371 15374 15381 15394 15400 15413 15422 15427 15437 15442 15478 15492 15508 15515 15539 15570 15584 16430 16462 16478 16516 16566 16633 16650 16774 16854 16892 16896 18818 
	}

	weather = {
	}
}
