strategic_region = {
	id = 65
	name = "STRATEGICREGION_65"

	provinces = {
		228 259 308 489 602 657 666 707 875 1030 1046 1079 1241 1305 1594 1675 1679 1732 1870 2134 2575 2602 2661 2676 2775 2800 3003 3126 3179 3181 3216 3317 3353 3370 3459 3568 3703 3709 3848 3932 4005 4372 4503 4514 4552 4633 4681 4848 5044 5411 5466 5486 5519 5534 5670 5730 6261 6277 6401 6686 6971 7093 7205 7498 7754 7828 7877 8017 8210 8642 8734 8880 8904 9012 9183 9216 9302 9606 9745 9846 9896 9946 10309 10503 10587 10613 10618 10794 10831 10834 11156 11390 11631 11718 11763 11856 11872 11883 12015 12019 12074 12150 12296 12375 12546 12691 12754 12886 14479 14488 14513 14531 14577 14609 14623 14654 14655 14702 14704 14727 14747 14771 14773 14774 14778 14814 14835 14843 14846 14847 14856 14866 14868 14879 14889 14893 14897 14921 14923 14940 14941 14958 14971 14993 15037 15073 18264 18265 18266 18267 
	}

	weather = {
	}
}
