strategic_region = {
	id = 66
	name = "STRATEGICREGION_66"

	provinces = {
		129 262 269 317 354 423 485 626 715 830 1156 1183 1430 1473 1572 1598 1812 1975 1998 2194 2325 2365 2392 2516 3041 3149 3243 3266 3424 3485 3667 3831 4071 4369 5372 5607 5658 5716 5810 5834 5982 6018 6322 6432 6548 6558 6734 6756 6966 6974 6990 7412 7733 7798 7959 7999 8067 8104 8248 8429 8535 8665 8706 8837 8890 8913 8965 8970 9475 9971 10076 10131 10230 10551 10659 10770 10957 11089 11171 11201 11238 11347 11436 11677 12002 12282 12355 12399 12599 12606 12653 13615 13677 13727 13986 15228 15388 15404 15434 15441 15449 15463 15464 15469 15479 15485 15486 15495 15513 15514 15527 15561 15564 15582 15591 15633 15638 15669 16676 16687 16704 
	}

	weather = {
	}
}
