strategic_region = {
	id = 68
	name = "STRATEGICREGION_68"

	provinces = {
		183 218 398 495 508 957 1086 1420 1824 1968 2044 2193 2273 2317 2322 2471 3055 3313 3617 3727 4122 4393 4528 4646 4763 5870 6209 6228 6717 6878 6889 6928 7368 7547 7579 8423 8512 8552 8637 8973 9087 9148 9581 10116 10222 10231 10333 10788 11706 11728 12049 12108 12118 12229 12347 12508 12602 14884 14974 14979 15004 15088 15112 15113 15144 15150 15184 15216 15525 15532 15574 15595 15606 15631 15863 15955 18204 18205 18206 18207 18208 18209 18210 18211 19516 19517 19521 19522 19523 19524 
	}

	weather = {
	}
}
