strategic_region = {
	id = 69
	name = "STRATEGICREGION_69"

	provinces = {
		41 185 229 292 315 421 517 589 628 669 949 1300 1301 1302 1368 1551 1662 1713 1820 1977 2182 2498 2633 2778 2805 2846 2869 3167 3173 3193 3224 3409 3413 3591 3610 3615 3748 3784 4193 4297 4523 4598 4625 5042 5662 5846 6016 6090 6152 6335 6545 6703 6793 6981 7058 7083 7118 7507 7569 7805 7925 7991 8244 8379 8450 8533 8648 8855 9222 9738 9799 10062 10083 10203 10228 10911 10963 11145 11281 11758 11994 12085 12115 12163 12179 12272 12291 12308 12339 12465 12511 12627 12629 12675 12782 12830 12870 12885 12897 14472 14528 14554 14569 14585 14594 14608 14665 14670 14678 14686 14698 14710 14729 14733 14742 14748 14825 14904 14956 14962 14967 14988 15023 15028 15058 15085 15098 
	}

	weather = {
	}
}
