strategic_region = {
	id = 7
	name = "STRATEGICREGION_7"

	provinces = {
		64 78 150 157 163 239 266 291 309 352 389 422 471 484 530 556 579 646 663 891 893 938 939 945 948 993 999 1053 1059 1063 1102 1125 1130 1175 1216 1242 1266 1299 1371 1484 1537 1571 1627 1681 1687 1776 1881 1933 1960 2032 2035 2057 2064 2071 2076 2093 2110 2120 2141 2170 2176 2183 2228 2299 2347 2407 2531 2627 2688 2764 2825 2922 2938 2970 3039 3080 3099 3123 3161 3326 3347 3361 3376 3382 3427 3453 3460 3562 3582 3630 3638 3651 3717 3853 3858 3860 3926 3954 3981 4002 4036 4057 4109 4315 4316 4353 4420 4570 4591 4622 4657 4662 4764 4901 4991 5052 5322 5335 5338 5367 5417 5428 5473 5477 5549 5590 5645 5707 5720 5724 5803 5817 5850 5898 6027 6055 6101 6132 6181 6220 6249 6362 6393 6421 6479 6480 6542 6608 6725 6757 6812 6830 6873 6899 6936 6944 6996 7004 7024 7033 7049 7059 7119 7173 7184 7241 7302 7528 7535 7562 7593 7678 7680 7688 7706 7736 7808 7847 7858 7983 8141 8186 8198 8301 8398 8435 8465 8467 8486 8489 8588 8600 8618 8622 8675 8692 8773 8813 8850 8860 8923 8956 8994 9024 9080 9117 9233 9234 9259 9269 9312 9352 9378 9399 9419 9425 9459 9494 9664 9673 9675 9686 9688 9706 9754 9761 9775 9777 9989 10036 10086 10107 10285 10301 10385 10397 10460 10602 10607 10619 10779 10783 10874 10904 10956 10976 11005 11073 11085 11135 11147 11168 11174 11213 11216 11286 11306 11308 11376 11380 11388 11437 11460 11624 11648 11665 11707 11744 11750 11783 11788 11813 11814 11904 11915 11957 12023 12027 12144 12171 12185 12265 12266 12324 12367 12575 12590 12673 12800 12802 12852 12867 12933 12934 12935 12936 12976 12984 12987 12997 13000 13015 13019 13022 13032 13033 13036 13041 13046 13047 13050 13051 13053 13062 13068 13073 13074 13081 13088 13101 13113 13116 13118 13125 13130 13138 13151 13157 13161 13173 13178 13189 13192 13195 13202 13207 13208 13209 13210 13221 13230 13238 13241 13248 13254 13259 13263 13266 13276 13305 13306 13315 13317 13318 13333 13347 13351 13359 13365 13374 13381 13391 13402 13405 13426 13427 13436 13458 13459 13463 13472 13491 13495 13507 13512 13513 13529 13538 13566 13578 13629 13650 17969 17976 17978 17981 17983 17985 17986 17988 17989 17990 17993 17994 17997 18002 18005 18012 18013 18014 18017 18165 
	}

	weather = {
	}
}
