strategic_region = {
	id = 70
	name = "STRATEGICREGION_70"

	provinces = {
		30 240 242 272 279 417 469 670 800 907 985 1184 1200 1426 1434 1487 1535 1676 1720 1902 1961 2161 2579 2610 2647 2785 2802 2877 2900 3042 3205 3279 3301 3455 3486 3503 3722 3938 4018 4034 4176 4279 4348 4564 4682 4799 4920 5112 5313 5511 5570 5771 5790 6020 6137 6180 6282 6615 6624 6743 6788 7326 7424 7621 7750 8108 8274 8310 8417 8418 8503 9034 9066 9239 9672 9967 10264 10302 10364 10417 10527 10529 10567 10743 10772 10990 11716 12351 12444 12491 12583 12733 12762 12832 12836 12877 12880 14487 14519 14534 14561 14574 14578 14599 14600 14605 14629 14639 14649 14672 14716 14718 14721 14728 14736 14751 14753 14782 14783 14788 14791 14860 14871 14899 14902 14914 14927 14934 15041 
	}

	weather = {
	}
}
