strategic_region = {
	id = 71
	name = "STRATEGICREGION_71"

	provinces = {
		303 481 1252 1701 1744 2017 2107 2233 2378 2653 2698 3215 3363 3890 4068 4088 4226 5038 5478 5561 5891 6182 6225 6549 6813 6867 6880 6975 7103 7209 7348 7375 7494 7508 7525 8157 8201 8789 8947 9151 9157 9338 9345 9549 9742 9762 9936 10227 10682 10852 11178 11420 11694 11804 11995 12120 12230 12290 12704 15484 15556 15575 15580 15628 15636 15640 15663 15666 15678 15680 15731 15751 15763 15795 15858 15918 15947 
	}

	weather = {
	}
}
