strategic_region = {
	id = 73
	name = "STRATEGICREGION_73"

	provinces = {
		140 311 547 1136 1148 1153 1176 1683 1794 1911 2015 2039 2402 2492 2542 2598 2673 2700 3097 3192 3302 3379 3411 3633 3780 3799 3857 3891 4025 4432 4442 4532 4736 5030 5098 5225 5276 5306 5405 5446 5675 6207 6438 6663 7130 7147 7315 7419 7553 7657 7752 7949 8004 8153 8165 8191 8194 8445 8480 8507 8839 8962 8981 9185 9340 9495 9757 9847 9970 9979 10142 10148 10351 10429 10626 10727 10771 10931 11269 11318 11349 11739 11812 11816 11941 11974 12726 12760 15020 15032 15100 15123 15187 15189 15202 15212 15232 15242 15267 15294 15301 15309 15316 15317 15342 15362 15370 15392 15405 15431 15473 15493 15498 15503 15506 15538 15546 15557 15566 15588 15615 15625 15637 15664 15703 
	}

	weather = {
	}
}
