strategic_region = {
	id = 74
	name = "STRATEGICREGION_74"

	provinces = {
		48 418 582 705 727 995 1140 1364 1664 1731 1951 2000 2118 2230 2740 2831 3260 3344 3394 3930 4221 4359 4374 4412 4634 4803 4810 5260 5277 5448 5740 6012 6186 6222 6423 6660 7179 7433 7567 7634 7762 7825 7908 7941 8989 9130 9255 9357 9684 9905 10046 10122 10674 10690 11372 11414 11894 12100 12453 12701 15137 15149 15190 15217 15271 15297 15356 15363 15380 15403 15415 15423 15440 15475 15491 15518 15543 15544 15593 15624 15667 
	}

	weather = {
	}
}
