strategic_region = {
	id = 76
	name = "STRATEGICREGION_76"

	provinces = {
		210 241 243 468 525 537 550 571 575 645 774 864 964 980 1014 1307 1335 1343 1402 1431 1616 1788 1882 2037 2048 2073 2158 2240 2338 2561 2592 2798 2852 2898 3043 3105 3119 3186 3387 3626 3634 3694 3849 3851 3876 4081 4120 4139 4149 4170 4178 4210 4240 4273 4292 4295 4478 4512 4707 4876 4925 4982 5032 5058 5088 5192 5231 5280 5341 5348 5384 5452 5523 5546 5586 5615 5673 5694 5752 5768 5964 5992 6167 6189 6213 6304 6429 6468 6566 6620 6642 6815 6935 7114 7165 7364 7425 7589 7636 7662 7705 7713 7756 7869 7987 8047 8069 8183 8260 8329 8805 8910 8984 9094 9150 9184 9206 9335 9744 9779 9789 9793 10003 10048 10058 10158 10593 10653 10726 10867 10927 10993 11045 11056 11228 11298 11307 11360 11427 11539 11594 11620 11645 11724 11797 12043 12078 12129 12167 12441 12489 12571 12652 12742 12783 14294 14321 14359 14360 14365 14377 14384 14400 14407 14408 14426 14441 14448 14455 14456 14459 14464 14475 14481 14489 14491 14504 14505 14518 14524 14526 14542 14544 14549 14553 14563 14572 14582 14601 14631 14640 14643 14648 14650 14653 14656 14657 14671 14696 14711 14722 14731 14738 14754 14763 14775 18038 18039 18042 18045 
	}

	weather = {
	}
}
