strategic_region = {
	id = 77
	name = "STRATEGICREGION_77"

	provinces = {
		123 144 196 213 466 467 565 624 664 779 786 847 848 920 971 990 1001 1270 1294 1333 1394 1412 1466 1483 1512 1801 1856 1910 1940 1958 2041 2080 2153 2190 2288 2410 2585 2640 2689 2893 2915 3020 3021 3082 3156 3249 3308 3474 3477 3517 3532 3548 3595 3603 3636 3677 3696 3785 4055 4062 4284 4303 4421 4433 4467 4716 4809 4830 4836 5148 5172 5219 5469 5528 5622 5624 5701 5786 5808 5822 5864 5916 5945 6146 6264 6454 6552 6585 6655 6695 6707 6710 6753 6906 6910 6952 7143 7155 7199 7202 7286 7435 7684 7693 7704 7859 7914 7971 7985 8037 8136 8177 8253 8349 8514 8530 8596 8820 8868 8903 9147 9160 9182 9204 9210 9324 9361 9421 9458 9472 9501 9531 9615 9644 9780 9808 9852 9860 9888 9891 9954 10040 10045 10292 10370 10544 10634 10664 10673 10741 10835 10951 11041 11258 11271 11404 11709 11715 11774 11859 11897 11929 11952 12091 12218 12228 12404 12422 12522 12550 12580 12658 12791 12841 12861 12876 12920 13702 13724 13739 13781 13812 13830 13833 13845 13881 13891 13922 13923 13938 13954 13962 13994 14000 14001 14023 14028 14029 14041 14064 14069 14081 14086 14096 14104 14112 14120 14127 14133 14145 14154 14168 14180 14185 14186 14197 14203 14221 14232 14237 14257 14262 14264 14283 14303 14323 14352 14353 14375 14390 18028 
	}

	weather = {
	}
}
