strategic_region = {
	id = 79
	name = "STRATEGICREGION_79"

	provinces = {
		2 3 87 106 181 223 274 320 345 356 382 383 393 428 448 512 526 528 569 608 653 762 780 807 824 839 892 919 936 963 1062 1113 1189 1280 1393 1437 1476 1493 1536 1592 1753 1774 1827 1844 1855 1868 1912 1926 1942 2034 2083 2087 2136 2160 2244 2268 2313 2474 2525 2578 2781 2795 2870 2880 2888 2914 2925 2954 2986 3037 3109 3135 3229 3240 3275 3323 3328 3444 3449 3457 3559 3621 3661 3663 3681 3758 3762 3786 3821 3903 3922 3948 3959 3966 3988 3998 4022 4043 4092 4098 4140 4142 4228 4229 4241 4245 4252 4290 4310 4352 4367 4415 4440 4447 4481 4485 4497 4510 4513 4534 4539 4561 4626 4664 4717 4748 4775 4785 4842 4843 4870 4881 4917 4990 4992 4996 5025 5128 5185 5205 5235 5296 5310 5361 5444 5474 5567 5703 5710 5718 5764 5773 5788 5911 5914 5962 5985 6044 6082 6083 6145 6168 6192 6221 6240 6252 6287 6288 6290 6299 6303 6364 6415 6442 6500 6544 6583 6654 6667 6709 6723 6761 6828 6896 6916 6920 6979 7040 7051 7104 7195 7226 7282 7371 7386 7426 7436 7471 7472 7487 7491 7495 7534 7551 7624 7659 7670 7696 7780 7817 7840 7895 7909 7922 7993 8007 8008 8013 8066 8123 8148 8249 8263 8283 8294 8352 8357 8376 8422 8438 8553 8579 8643 8657 8658 8695 8711 8732 8842 8848 8865 8873 8966 9020 9025 9038 9236 9250 9254 9272 9314 9336 9383 9441 9445 9447 9471 9482 9527 9546 9557 9558 9765 9771 9784 9802 9851 9882 9904 9978 9986 10024 10132 10161 10195 10209 10247 10249 10334 10369 10456 10477 10490 10498 10541 10564 10565 10592 10605 10643 10685 10689 10732 10760 10828 10918 10964 11015 11098 11179 11210 11241 11296 11315 11316 11332 11342 11358 11379 11444 11520 11573 11588 11629 11659 11676 11713 11731 11768 11770 11792 11826 11836 11919 11930 11932 11973 11988 12035 12070 12104 12116 12127 12177 12184 12191 12297 12356 12377 12428 12445 12531 12534 12554 12649 12740 12860 12873 12879 12904 12918 12966 12967 12968 12983 12991 13008 13025 13035 13040 13080 13087 13103 13105 13150 13179 13217 13280 13337 13355 13367 13393 13451 13657 13700 13705 13747 13763 13864 13944 13948 13961 13963 14056 14680 15220 15239 15246 15278 15291 15322 15364 15372 15379 15395 15396 15429 15438 15444 15446 15451 15452 15516 15531 15571 15578 15590 15592 15623 15641 15661 15686 15692 15695 15701 15714 15715 15721 15726 15729 15746 15774 15782 15783 15820 15821 15823 15848 15852 15869 15898 15909 15912 15940 15944 15946 15954 15961 15962 15968 15977 15982 15990 16001 16004 16006 16012 16015 16021 16027 16031 16032 16040 16042 16067 16074 16079 16085 16088 16117 16140 16145 16159 16168 16186 16192 16194 16197 16230 16568 16712 16784 18094 18733 18734 18849 18850 18851 18852 18853 18854 18862 18863 18864 18865 18866 18867 18868 18869 18883 18884 18885 18886 18887 18888 18889 18890 18891 18892 18893 18894 18895 18896 18897 18898 18899 18900 18901 18902 18903 18904 18905 18906 18907 18908 18909 18910 18928 18929 18930 18939 18940 18941 19081 19082 19083 19088 19089 19108 19110 19111 19112 19113 19158 19178 19179 19180 19181 19182 19183 19184 19185 19186 19187 19188 19189 19190 19191 19192 19193 19194 19195 19199 19200 19201 19203 19204 19205 19206 19207 19208 19209 19210 19211 19212 19213 19214 19215 19216 19217 19218 19219 19220 19221 19222 19223 19224 19225 19226 19227 19228 19229 19230 19231 19232 19233 19234 19235 19236 19237 19238 19239 19251 19252 19253 19254 19255 19256 19257 19258 19259 19260 19261 19262 19263 19264 19265 19266 19267 19268 19273 19274 19275 19276 19294 19295 19296 19297 19298 19299 19300 19301 19302 19303 19304 19305 19306 19308 19309 19312 19313 19314 19315 19316 19317 19318 19319 19320 19321 19322 19323 19324 19325 19326 
	}

	weather = {
	}
}
