strategic_region = {
	id = 8
	name = "STRATEGICREGION_8"

	provinces = {
		73 334 364 455 621 790 937 958 1077 1147 1206 1369 1474 1769 2067 2280 2373 2390 2660 3278 3337 3378 3522 3555 3761 3989 4195 4786 5018 5291 5302 5420 5461 5483 5520 5642 5644 6284 6332 6618 6834 6838 7095 7105 7134 7183 7222 8026 8120 8360 8392 8585 8752 9047 9071 9084 9486 9500 9810 10019 10137 10166 10206 10330 10466 10571 10616 10797 10844 10862 10922 11029 11158 11263 11297 11339 11971 12068 12183 12208 12391 12419 12480 12632 13218 13264 13293 13320 13328 13332 13343 13344 13362 13379 13380 13387 13388 13389 13401 13423 13466 13478 13501 14752 18011 
	}

	weather = {
	}
}
