strategic_region = {
	id = 80
	name = "STRATEGICREGION_80"

	provinces = {
		66 113 136 152 284 302 314 369 409 478 536 676 773 818 833 837 873 881 884 1041 1074 1115 1170 1181 1196 1208 1233 1253 1274 1318 1354 1418 1423 1482 1556 1573 1785 1841 1899 1907 1993 2011 2133 2175 2195 2202 2225 2356 2476 2548 2580 2667 2712 2715 2718 2735 2746 2756 2840 2971 3118 3178 3208 3265 3268 3311 3408 3415 3447 3484 3602 3676 3700 3812 3841 3864 3875 3919 3923 3943 3977 4042 4067 4110 4126 4182 4183 4188 4224 4270 4419 4525 4536 4629 4710 4743 5090 5092 5113 5164 5187 5279 5293 5320 5382 5660 5679 5693 5805 5827 5855 5908 5998 6111 6174 6188 6199 6265 6278 6474 6502 6673 6701 6706 6770 6782 6795 6927 6961 7142 7170 7218 7224 7280 7284 7299 7434 7445 7691 7831 7906 7951 7972 7978 8029 8083 8097 8099 8105 8168 8170 8231 8362 8411 8516 8626 8676 8685 8686 8687 8725 8730 8775 8803 8811 8919 8925 8964 8999 9050 9074 9086 9092 9278 9317 9376 9388 9401 9432 9498 9511 9562 9563 9567 9633 9642 9643 9731 9741 9766 9772 9800 9886 9917 9984 10155 10192 10353 10381 10391 10418 10422 10534 10538 10622 10676 10735 10897 10952 10983 11077 11101 11110 11127 11155 11261 11282 11322 11357 11392 11418 11487 11501 11571 11586 11593 11618 11692 11710 11775 11784 11791 11839 11857 11899 11918 11993 12067 12154 12207 12328 12336 12392 12427 12456 12618 12637 12668 12687 12720 12752 12788 12851 14005 14047 14060 14188 14273 14300 14344 14431 14474 14496 15487 16014 16030 16080 16099 16113 16115 16118 16130 16136 16141 16149 16157 16187 16193 16231 16232 16236 16238 16247 16252 16254 16257 16276 16283 16289 16290 16296 16313 16317 16318 16323 16334 16336 16344 16345 16347 16363 16378 16381 16389 16394 16407 16410 16413 16416 16418 16422 16428 16435 16436 16445 16466 16477 16490 16493 16504 16518 16523 16526 16528 16534 16539 16555 16570 16589 16593 16600 16601 16660 16701 18075 18296 18540 18547 18567 18639 18650 18845 18848 18855 18856 18857 18859 18860 18872 18873 18874 18875 18876 18877 18878 18879 18880 18881 18882 18911 18912 18913 18914 18915 18916 18917 18918 18919 18920 18921 18922 18923 18924 18925 18926 18927 18931 
	}

	weather = {
	}
}
