strategic_region = {
	id = 82
	name = "STRATEGICREGION_82"

	provinces = {
		15511 17214 17217 17221 17231 17236 17241 17243 17249 17252 17259 17260 17266 17267 17269 17270 17298 17299 17301 17302 17314 17324 17338 17348 17352 17361 17362 17368 17370 17375 17380 17390 17395 17399 17400 17409 17420 17425 17426 17430 17444 17452 17461 17465 17466 17467 17468 17469 17470 17473 17474 17477 17478 17483 17487 17497 17498 17502 17524 17529 17533 17534 17550 17551 17554 17559 17561 17564 17570 17572 17575 17584 17585 17595 17600 17601 17605 17617 17620 17631 17644 17650 17651 17653 17655 17662 17663 17665 17667 17673 17682 17689 17690 17692 17695 17696 17698 17699 17702 17710 17734 17736 17748 17749 17750 17751 17752 17755 17756 17758 17762 17770 17773 17776 17778 17787 17790 17808 17810 17813 17815 17821 17887 17889 17892 17896 17898 17900 17907 17908 17910 17917 17918 17920 17923 17927 17930 17931 17934 17936 17941 
	}

	weather = {
	}
}
