strategic_region = {
	id = 83
	name = "STRATEGICREGION_83"

	provinces = {
		17204 17205 17215 17216 17223 17224 17226 17235 17244 17247 17265 17274 17275 17276 17279 17297 17308 17309 17311 17315 17317 17318 17320 17322 17323 17325 17327 17328 17332 17336 17337 17355 17356 17363 17366 17381 17385 17388 17389 17392 17404 17421 17429 17432 17434 17440 17443 17451 17453 17454 17464 17480 17488 17504 17505 17514 17525 17526 17530 17531 17532 17537 17541 17543 17546 17563 17565 17566 17567 17571 17580 17586 17587 17588 17607 17622 17625 17626 17634 17637 17643 17647 17649 17654 17668 17674 17680 17684 17685 17686 17694 17700 17703 17705 17706 17713 17714 17726 17727 17728 17733 17741 17744 17745 17747 17754 17771 17780 17786 17788 17789 17796 17814 17885 17888 17891 17893 17894 17895 17899 17901 17902 17904 17906 17909 17913 17915 17919 17921 17922 17924 17925 17926 17929 17933 17937 18842 18843 
	}

	weather = {
	}
}
