strategic_region = {
	id = 9
	name = "STRATEGICREGION_9"

	provinces = {
		24 51 100 138 216 276 377 425 477 490 498 555 561 586 601 610 616 623 640 681 827 836 840 979 1106 1165 1268 1284 1319 1389 1421 1425 1488 1516 1569 1582 1606 1608 1669 1678 1780 1821 1830 1863 1954 1966 1983 2009 2010 2148 2171 2180 2184 2208 2218 2227 2265 2270 2305 2343 2355 2380 2394 2406 2472 2512 2518 2526 2609 2635 2641 2681 2710 2713 2731 2835 2841 2851 2855 2862 2928 2932 2933 3014 3038 3044 3162 3184 3188 3206 3212 3214 3228 3274 3298 3304 3332 3342 3392 3441 3465 3505 3508 3523 3529 3560 3584 3646 3773 3796 3874 3913 3944 3985 4011 4013 4027 4039 4041 4138 4227 4314 4322 4368 4370 4373 4424 4449 4466 4469 4471 4477 4517 4538 4576 4632 4642 4655 4703 4722 4734 4741 4772 4805 4807 4859 4874 4893 4895 4984 5028 5047 5108 5118 5121 5168 5216 5223 5233 5259 5358 5370 5373 5409 5468 5509 5533 5558 5611 5613 5614 5632 5654 5722 5765 5816 5839 5901 5925 5939 5960 5986 6028 6096 6097 6107 6116 6118 6292 6326 6367 6402 6425 6446 6465 6529 6610 6698 6702 6792 6801 6806 6857 6951 6991 7020 7025 7125 7150 7211 7230 7262 7264 7273 7322 7409 7413 7415 7480 7555 7556 7557 7592 7661 7711 7714 7717 7731 7732 7757 7768 7835 7855 7977 8010 8073 8128 8155 8158 8181 8202 8261 8342 8458 8549 8608 8628 8745 8771 8792 8797 8809 8829 8887 8900 8957 9019 9045 9069 9079 9111 9143 9288 9342 9375 9510 9530 9536 9547 9560 9605 9610 9616 9677 9753 9758 9809 9823 9870 9872 9893 9982 10009 10056 10077 10138 10152 10154 10205 10360 10389 10443 10446 10470 10502 10517 10518 10521 10552 10596 10609 10637 10671 10765 10804 10832 10876 10880 10884 10886 10998 11022 11038 11054 11055 11113 11119 11125 11160 11172 11177 11237 11478 11493 11499 11644 11652 11711 11787 11831 11833 11847 11943 11946 12009 12018 12022 12042 12045 12099 12164 12215 12313 12343 12395 12429 12454 12486 12515 12523 12537 12648 12735 12736 12785 12872 13386 13400 13475 13482 13497 13508 13523 13524 13525 13528 13530 13539 13553 13556 13558 13559 13563 13573 13594 13597 13605 13628 13634 13640 13648 13653 13654 13660 13664 13672 13673 13678 13684 13686 13689 13694 13706 13712 13713 13717 13720 13723 13731 13734 13744 13748 13762 13764 13765 13768 13769 13774 13780 13788 13794 13797 13813 13825 13842 13843 13852 13853 13855 13861 13865 13868 13883 13889 13896 13899 13903 13911 13914 13915 13919 13931 13934 13936 13945 13949 13950 13956 13959 13965 13973 13980 13982 13984 14010 14011 14015 14018 14025 14045 14048 14057 14058 14067 14072 14075 14088 14098 14100 14108 14144 14148 14155 14170 14176 14181 14196 14209 14230 14253 14263 18016 18018 18019 18020 18022 18025 18166 
	}

	weather = {
	}
}
