1 3 2946 11309 3902 
1 5 8841 742 4584 2463 11309 
1 6 12831 9477 9743 4378 744 8841 
1 4 8841 16895 18123 1705 
1 4 12771 9590 5010 8841 
1 5 11140 4832 16730 3201 12771 
1 5 4294 1451 16740 2481 11140 
1 2 4294 9134 
1 9 9134 5072 1698 11105 10604 5499 7718 16797 16806 
1 12 4832 2996 11530 8891 16598 6313 9685 16513 16538 16556 2828 16489 
1 3 16489 16500 11798 
1 6 16513 12028 6121 9725 3253 729 
1 3 729 16417 10681 
1 17 16495 16459 10356 16434 2796 6133 1529 1323 2536 5928 16240 3077 8591 16319 8103 16397 10681 
1 12 16495 16508 2446 16506 16505 7109 5287 934 7753 2349 11229 16659 
1 4 934 3861 16482 10010 
1 4 9969 16295 4386 11020 
1 5 16287 16311 3635 1802 9969 
1 4 11020 9934 9169 16307 
1 2 16307 9276 
1 3 832 5227 16307 
1 4 832 10272 16420 16459 
1 3 11969 1649 5115 
1 10 11798 5311 9801 3984 4978 5300 16406 4723 3333 5115 
1 3 11969 10201 5471 
1 2 11114 5471 
1 11 11969 9118 16133 12797 7827 15995 4291 17195 2287 10200 2124 
1 3 11114 12825 11891 
1 8 10681 11779 3759 1337 12795 8784 6499 7724 
1 4 2124 9607 16063 8431 
1 5 8431 968 10481 9006 7724 
1 4 10681 12796 7942 16267 
1 3 3759 9637 16267 
1 3 16267 5717 8591 
1 4 11969 16216 3225 8442 
1 6 9666 4436 5705 16221 9104 8442 
1 7 16221 2682 16182 8869 5972 16174 8442 
1 6 16182 4376 7504 11821 6333 3787 
1 7 3787 16114 8766 7307 16210 1517 3822 
1 8 3787 12124 801 6327 1724 18148 18149 1661 
1 4 1661 18150 9265 5133 
1 6 5715 18155 12552 18157 2262 18153 
1 5 16038 9521 16008 15976 4271 
1 3 16038 5133 18154 
1 4 4271 5715 9737 16038 
1 5 4271 15897 4969 15831 15806 
1 2 15806 4910 
1 4 15831 4910 18160 12552 
1 9 15897 11686 8016 10453 15875 1015 2295 11533 524 
1 10 2295 15725 15690 7162 3641 10971 15770 11173 15865 4670 
1 3 11533 15777 10453 
1 4 15875 3770 7178 4670 
1 6 15690 15725 3819 2834 8508 7178 
1 5 3822 18127 4141 8487 10091 
1 5 10091 2264 7594 8544 9521 
1 9 3948 12177 16186 11342 10918 16168 16197 10964 10091 
1 2 11342 12879 
1 5 7724 2191 2142 9553 3704 
1 7 16050 5484 16139 8060 6229 10944 16240 
1 5 7724 2939 8547 3682 16050 
1 4 16287 527 12433 8836 
1 4 8836 2807 3107 405 
1 3 8836 2807 521 
1 14 405 7048 16181 12111 4549 9398 8819 16112 756 6492 16069 4900 16019 8993 
1 9 8993 6075 15981 3017 3814 3239 1805 9339 3682 
1 4 4549 16108 8333 2348 
1 5 2348 9568 10120 15939 9638 
1 5 9638 10269 12901 7148 15699 
1 2 15699 15675 
1 20 1951 7433 15415 7179 11739 8191 6438 15498 11318 11941 311 15520 5858 7668 7524 3690 12661 2450 3145 15675 
1 9 1951 3394 10674 12100 1409 9099 15280 1298 11555 
1 7 11555 6639 3095 7473 9921 8224 1378 
1 5 1378 5101 4667 12819 6482 
1 5 6482 15579 7897 6554 6599 
1 6 11941 10148 15538 10931 7553 7419 
1 5 7419 15703 8607 9443 10208 
1 6 15703 4374 15667 4634 11014 9157 
1 6 9157 2698 9338 6975 4068 15666 
1 4 15666 8789 6549 2107 
1 3 2107 3890 15580 
1 7 15580 303 10682 2378 9762 2653 5101 
1 26 6599 15756 9389 6435 10051 15902 7911 4825 15882 7546 2377 8339 15928 15947 15918 12120 15945 3695 15919 1329 15917 15937 2889 11090 6762 10208 
1 7 2107 12230 6975 15678 6867 7209 7375 
1 6 7209 9742 5478 6225 12524 8339 
1 6 7375 15838 6600 4792 6575 15917 
1 14 7209 1701 15763 8316 388 8084 15747 15785 2499 9470 3941 15761 133 9389 
1 3 2653 15556 7525 
1 3 7525 11420 15636 
1 3 7525 11182 1816 
1 2 2610 14753 
1 6 14753 9239 272 14902 6137 7750 
1 5 7750 108 10938 3271 15077 
1 5 15077 15155 7044 1846 3927 
1 3 3927 12257 11698 
1 2 11698 9099 
1 5 800 1676 1426 4018 2610 
1 4 1426 242 14605 6615 
1 3 1426 10529 3455 
1 6 8637 18210 5870 18204 12602 398 
1 3 2273 18206 5870 
1 11 3019 7490 8284 18212 15078 18213 5220 18214 8637 18211 1968 
1 22 15365 6560 15334 8234 6487 15238 1962 5432 12323 1885 15214 4877 1886 6356 15151 15142 4393 15144 3727 7368 12118 2273 
1 4 4023 6977 15374 15365 
1 7 3704 1075 10188 8510 15705 5690 15649 
1 3 15649 11192 9359 
1 3 9359 11192 3683 
1 8 3683 9101 1524 1419 5210 10563 8045 4023 
1 6 10640 5889 8407 15047 7207 18218 
1 3 10640 3736 10017 
1 2 10017 726 
1 7 726 8390 8885 9867 15463 2365 8429 
1 6 8429 2325 8965 3424 1998 11171 
1 3 11171 12399 15633 
1 5 15633 10076 15710 3645 8561 
1 3 3264 5729 8561 
1 3 3264 692 10988 
1 3 10988 3596 10960 
1 4 10960 3650 15958 8993 
1 7 4018 12762 2579 3455 3486 12491 1551 
1 8 1551 589 14665 1300 10911 7507 14670 2805 
1 11 2805 8450 6381 14699 8119 6536 11133 2186 1747 14793 7976 
1 12 7976 3143 4298 93 11658 14920 14944 4661 5593 18130 18128 18218 
1 8 14753 7326 14782 8310 12880 8108 9672 8274 
1 5 7433 12453 5260 48 10046 
1 4 8274 3224 12511 2182 
1 3 2900 14871 8108 
1 6 10046 3930 7657 9340 12760 8004 
1 8 2182 2869 8004 4442 2700 11816 3857 3302 
1 3 3302 5675 8165 
1 8 3302 8839 6925 7744 6190 2166 1103 14861 
1 5 3302 12573 6050 4134 15218 
1 4 15043 4683 2522 4974 
1 4 4974 6062 15173 15218 
1 5 15218 2865 12490 9344 5162 
1 8 8885 10725 10754 15411 15418 3383 12577 5162 
1 8 4709 9877 9788 3312 3012 8821 14589 12038 
1 4 12038 3960 2575 14704 
1 8 1885 15154 15119 10630 110 12296 3213 14915 
1 4 14704 259 3568 14771 
1 5 14915 7312 14814 10834 14771 
1 6 7828 14868 14921 3370 7877 6971 
1 6 6971 5575 6495 5036 15157 1962 
1 4 9189 472 6481 15256 
1 3 9189 11087 15175 
1 4 15175 15199 8436 2941 
1 3 15256 6481 2941 
1 2 15256 6163 
1 3 9189 5083 4794 
1 4 4794 12769 7929 2368 
1 2 2368 6163 
1 3 15199 9977 6481 
1 4 6481 11483 5103 6890 
1 5 6890 11810 15360 1028 4023 
1 10 7828 11872 3932 14941 9946 12546 6321 5967 8619 15186 
1 3 15186 11818 15199 
1 6 3012 875 11390 11156 8734 3709 
1 7 11156 3459 14577 10831 8880 3179 12754 
1 5 12754 14778 14774 9745 7828 
1 5 11108 7197 12097 8124 11039 
1 2 11039 14478 
1 5 14478 8137 3478 14596 2279 
1 9 11039 1073 2052 9428 1350 4604 1680 14692 1854 
1 5 1854 14703 12384 1215 12038 
1 8 2279 14667 5078 2588 14768 2960 1144 218 
1 6 2588 8640 2292 12808 12597 398 
1 3 398 218 1968 
1 7 4661 6037 6255 14935 18218 18219 18214 
1 9 2444 9985 7635 14445 1007 8787 4176 12583 800 
1 6 2610 12733 5570 4034 9034 2802 
1 8 6163 12749 9440 7885 798 12589 9297 1909 
1 2 524 2605 
1 4 15806 5171 15716 6171 
1 5 12755 18161 11011 18163 6171 
1 3 2605 12133 122 
1 3 11533 5031 15647 
1 4 15690 1630 5031 8898 
1 6 1559 5961 1682 7350 6720 8898 
1 5 15647 8899 18145 8144 11846 
1 3 122 6512 18135 
1 4 1909 11903 8207 11609 
1 5 12755 9089 15533 2637 5828 
1 4 5103 15382 5571 15450 
1 6 15450 15489 10662 3283 4912 5828 
1 3 798 7885 15376 
1 4 15376 7728 9770 3283 
1 4 15117 15168 1973 11609 
1 8 15117 4358 10888 15159 2488 11771 7552 12389 
1 9 12389 12095 15306 5208 634 12516 3751 8746 1559 
1 5 11609 2744 12634 3578 1850 
1 5 2637 11084 8884 15445 1850 
1 5 1909 15311 10815 4100 1850 
1 4 11846 4644 12494 15445 
1 3 18135 15585 12755 
1 2 8149 18135 
1 8 5961 6368 1374 12826 944 10510 15377 3578 
1 10 196 14127 6753 6552 8253 3082 9325 9171 2768 11108 
1 6 196 9888 2585 1940 3636 4709 
1 8 3626 14294 3694 550 5088 5864 8136 3709 
1 17 3626 14294 9210 3156 1910 6695 847 4809 9421 14257 5786 14232 467 5148 14221 8903 3636 
1 13 14774 14727 14747 8260 8910 1014 14572 14524 6620 5192 14505 4240 7636 
1 11 7636 5348 8047 14671 4292 7175 5873 14826 9790 3200 11578 
1 7 9189 7596 12643 7702 15025 118 11578 
1 3 14916 2631 11578 
1 6 1380 2669 748 355 14890 14916 
1 7 7596 15110 4548 11141 7168 11964 11578 
1 16 4240 1882 9184 14653 9335 14722 8069 8984 2787 8997 755 12168 15091 4105 7287 15186 
1 4 1380 4450 8655 5350 
1 8 14916 7901 14986 4145 12011 12394 2226 15117 
1 3 1524 12130 10387 
1 3 10387 3654 8678 
1 3 9359 15762 1285 
1 4 1285 107 8678 15764 
1 5 15764 15840 3437 12866 4291 
1 10 15862 6494 15868 4364 12169 5398 11672 6592 2287 17195 
1 2 15862 3704 
1 6 8678 7353 11150 11106 11185 1779 
1 3 7827 16051 9238 
1 7 9238 11407 12610 3190 2819 11185 1779 
1 11 1779 5180 7453 15793 11960 2326 2459 7758 4371 18149 1661 
1 5 15489 2685 7518 15596 6113 
1 5 1779 8216 1515 1460 12805 
1 4 12805 5330 9366 6113 
1 8 1028 9431 1543 10703 5893 5854 2283 11150 
1 11 10708 7054 10644 5234 7092 2606 15759 1480 12206 692 3264 
1 2 2606 120 
1 6 120 635 15696 10644 7054 10708 
1 6 10708 9928 12651 15598 2006 11803 
1 4 8429 15485 6548 10230 
1 12 11803 11949 5419 8424 6966 15486 15469 10659 5982 6974 8665 10230 
1 10 9553 2999 5620 15846 4590 9879 9022 8852 2606 15819 
1 4 726 12155 15247 3019 
1 8 8665 830 7733 10551 15292 752 12527 3019 
1 10 15043 8278 11006 4410 665 1399 15014 15047 18215 5220 
1 10 11590 9170 10786 18177 18178 18179 18181 18180 8582 3114 
1 4 11590 12747 4158 9320 
1 9 5263 3329 1273 3377 8582 18180 18181 18200 18201 
1 4 5263 3238 5046 3601 
1 6 2277 13097 13107 13098 13120 3601 
1 6 3329 1273 3114 18183 18182 18199 
1 11 3626 7589 6213 7114 6642 14360 3387 14377 1290 14369 9683 
1 8 7636 2240 14489 7705 9150 11427 3105 9683 
1 9 5350 14648 12129 1335 1431 5452 11645 10250 9683 
1 8 5350 6397 287 14765 6099 6876 14873 14924 
1 10 8655 14719 173 3247 14872 10704 7632 6436 15062 15117 
1 7 14924 14982 15005 11453 15093 9192 15159 
1 6 14873 4181 8576 2021 8439 9940 
1 8 9940 2395 6774 5651 15243 11336 15308 4534 
1 7 1559 8746 4487 11646 15339 4626 4534 
1 7 4534 356 6288 6415 11315 2914 15578 
1 6 15578 7624 15641 8352 15746 15782 
1 5 2914 12104 3988 2578 807 
1 5 15782 5474 4785 4842 9383 
1 3 3948 4992 2840 
1 7 9383 16031 8438 1113 9254 7495 16186 
1 3 4992 6364 8842 
1 2 8842 1868 
1 4 1868 11713 10195 16040 
1 5 807 15701 8249 2925 8007 
1 6 16040 428 8422 4748 9546 8007 
1 5 12919 16838 366 16823 8747 
1 5 8747 1703 6565 4788 766 
1 6 766 6847 16767 5582 16711 7146 
1 7 12161 9924 1186 6405 16851 9007 766 
1 6 7146 7974 4277 6243 16582 5920 
1 4 5920 6294 5617 10281 
1 6 10281 16416 9498 6706 9092 4992 
1 5 16823 12542 8541 9585 5712 
1 18 12396 8768 3299 17149 135 17104 5598 10948 1237 9746 8169 5027 12305 7250 2935 16949 6587 5712 
1 3 1029 3007 12161 
1 4 1029 12485 4955 10253 
1 4 9154 11102 8094 10253 
1 4 7115 16994 10348 693 
1 5 4955 11321 11893 8982 693 
1 7 9154 7618 16994 5847 11754 7607 17017 
1 13 17121 9814 3182 5951 5449 17127 8453 4593 10199 5886 7611 17173 12396 
1 6 8171 5081 6165 12977 5739 12942 
1 9 12942 12980 3463 2957 8977 2237 9551 13092 1888 
1 7 1883 9911 6581 8311 2018 8027 1888 
1 12 1883 1194 3141 2517 7609 10881 8580 2912 3130 8459 13016 12994 
1 14 13016 4230 12985 6719 4766 11745 5667 1435 3273 11350 4885 6076 10757 13132 
1 8 17121 12203 1325 8341 9208 17063 227 11312 
1 13 17017 9834 7936 8200 8672 9054 8571 2204 5305 10413 17033 5595 11312 
1 3 6773 17067 17063 
1 3 1325 3300 6773 
1 4 9498 3609 5684 5609 
1 7 4277 11800 16654 9301 1956 16649 4121 
1 4 16585 9918 1192 12398 
1 4 12398 9490 2012 6294 
1 5 2840 16247 8925 8919 1841 
1 3 13132 6940 4208 
1 11 4208 8731 1506 13175 6586 1858 8091 2634 10791 994 3601 
1 17 13421 4417 10650 13336 4320 3519 2297 12110 13170 5835 1799 9320 2277 929 18173 18195 691 
1 10 10791 12908 12041 215 12654 13399 4080 11424 5462 7982 
1 13 12110 3008 3468 4845 13384 8485 11247 10614 13521 747 12789 7102 13659 
1 2 6200 7102 
1 17 4158 764 13024 2484 8184 4257 13005 796 3546 1226 5641 3953 10006 1260 13147 11406 13139 
1 14 1883 5182 2263 13443 7321 2353 5872 12645 3234 6054 1120 8375 13859 6146 
1 7 196 9458 12550 2915 1394 8596 6146 
1 11 8580 6272 2045 10821 13229 4486 1375 1697 13352 10310 13409 
1 12 13409 13442 13480 11525 11551 10610 4256 4520 2223 3603 11929 11897 
1 8 11897 7155 7859 779 14120 1270 14237 9210 
1 7 7859 4055 852 5357 3069 8567 8028 
1 14 4652 2339 6918 1461 7064 1321 14167 14150 1587 7249 11524 11435 1234 8028 
1 21 11897 10673 13888 10185 11467 7739 720 9697 7161 12302 7111 5736 4106 3900 10611 1897 13699 5747 12094 11507 6200 
1 20 13659 9113 5774 5913 2908 2020 2027 13849 2235 2416 10910 12360 13995 7650 14063 14042 8709 805 3390 14139 
1 6 4652 14147 2808 11635 7351 6359 
1 10 6359 4658 8054 8022 3538 1406 10793 805 3390 14139 
1 2 9513 7351 
1 6 7650 14087 4443 5918 6475 9513 
1 11 7351 7964 2701 7848 11985 5093 8070 14486 9224 14590 14638 
1 6 287 1310 10041 6178 14664 14638 
1 10 13421 3580 643 4258 7220 10954 8317 13503 13493 3706 
1 4 9437 2537 10522 10668 
1 3 6923 8066 10668 
1 2 6923 4913 
1 5 13139 3237 6609 13100 10590 
1 11 9437 2385 13123 13133 3718 7278 6238 189 1043 2788 10590 
1 3 3706 1735 12330 
1 12 4913 13312 2054 10903 12534 776 3386 13476 11708 3978 13549 974 
1 20 12330 1050 2506 1528 3802 13532 13540 13547 2927 13548 8225 13504 10052 8872 10882 4811 2074 6375 13549 974 
1 3 1406 7221 9231 
1 6 14873 14869 7061 4056 7246 7018 
1 8 7018 1478 4994 14712 14690 5802 2559 7 
1 10 7 9831 248 7263 3833 14723 5153 14802 12714 5107 
1 7 9231 10639 10721 2500 5770 10879 14494 
1 7 14494 1603 7738 14457 14469 5485 5943 
1 8 14139 1256 12631 3733 6758 6009 97 6258 
1 8 6258 7325 8782 1377 1783 14240 1895 5224 
1 8 14121 14149 282 5905 14241 7930 1671 5224 
1 6 14121 2799 2328 10803 2843 9439 
1 7 13547 13604 7721 8756 3749 13756 105 
1 11 9439 10961 13894 1135 11913 6634 11901 11465 11895 13831 105 
1 16 12330 8970 6322 3950 5781 877 7255 6531 12543 13824 13839 7467 6732 2680 5097 14042 
1 8 5107 7305 10504 9931 6817 3170 523 6621 
1 6 6621 5741 15126 6350 4771 4423 
1 25 4423 9268 10212 9100 15239 4440 11988 10760 15291 106 15276 1898 15357 3924 11832 8358 11898 6508 11733 4464 4347 3972 1178 11359 6871 
1 23 356 3922 15451 7436 15452 12428 9314 15516 10828 4142 15531 4513 15562 7725 505 15559 12890 6941 12697 10064 1178 11359 6871 
1 4 6871 15645 1878 5450 
1 4 6871 11874 6202 4942 
1 6 807 15692 780 7051 8695 10605 
1 2 12697 3739 
1 4 3739 10371 4641 15693 
1 3 15693 15687 8008 
1 5 8008 6168 15715 12873 10605 
1 3 974 13586 8987 
1 18 2385 3835 70 1437 11610 7551 3064 9765 9778 8376 7159 13008 11083 8658 892 5616 10169 3632 
1 3 3632 13040 6625 
1 10 6625 5457 9262 2298 563 12988 6805 741 12972 578 
1 8 12972 652 5253 4906 13110 6141 11618 6622 
1 18 6622 6694 12647 12821 3579 10819 13404 10362 6247 9729 12452 2699 11319 13425 5646 13363 6266 13300 
1 9 12452 6230 3687 12294 7889 6185 4251 10194 6376 
1 4 6376 10388 10153 11325 
1 2 12452 3612 
1 31 11325 13946 3199 10050 11628 10191 7554 7333 14137 2751 5164 2983 11756 4710 6300 7107 12368 11097 7783 826 10850 2945 14279 5266 1383 10204 12896 9271 72 4043 13958 
1 21 11628 1827 9411 4935 3231 14026 10003 25 2111 14062 11204 14060 14043 2405 2772 8826 14095 7458 861 9980 14121 
1 5 4935 9411 13981 1827 11628 
1 3 13981 13963 12306 
1 2 3231 12306 
1 10 8987 4205 6894 7472 13657 3557 9802 10663 2474 10949 
1 10 10949 3903 11629 10207 9882 10994 13905 7450 7225 3199 
1 13 974 7895 2618 2757 6980 7905 11669 3829 8661 1 3197 13820 11465 
1 5 7472 13657 11676 7100 6159 
1 8 6159 10902 8985 13901 11776 11809 9690 14095 
1 10 11776 12405 12519 3923 4362 9584 5129 956 14005 14026 
1 15 5943 12412 14458 1444 12809 581 1811 188 14592 11293 11151 9415 6003 8051 1271 
1 9 12907 154 2301 14593 14557 10824 7737 10519 1271 
1 8 1271 8959 8185 1092 5931 14787 5521 6556 
1 19 5107 14852 3362 2770 14819 10722 4313 3482 4617 10411 11766 14917 2570 11439 14901 1803 6572 5105 6556 
1 8 11832 5354 15269 6365 12039 3026 12766 6369 
1 9 6369 15139 1775 15131 4004 5883 598 7330 12549 
1 5 12549 9225 9539 5105 6556 
1 13 6871 1693 15547 5655 15443 15391 8915 11927 3058 8614 7135 2026 6042 
1 2 6042 9556 
1 4 12549 5040 5676 6042 
1 8 1841 16344 9074 9086 16418 8099 818 4536 
1 38 16585 9036 4121 1508 7730 16615 3834 1574 5340 4933 5339 8494 9627 16758 5669 3306 2344 9907 9424 10420 8272 6102 3368 3983 2878 8935 1183 7461 9656 738 200 2485 7293 16887 5591 10679 254 1471 
1 14 4933 16772 16778 5247 4630 16782 1055 10615 9650 9796 16876 7822 3007 12161 
1 15 4121 6533 4767 153 10926 16778 16801 9709 3768 11976 4285 7810 12584 9167 8672 
1 7 10348 1930 5051 10942 16899 1700 11976 
1 5 1055 9202 8673 5099 10942 
1 3 10942 3431 7607 
1 6 8571 10471 2639 17069 12666 3182 
1 7 227 4844 17083 11935 9245 17118 4533 
1 6 1325 12487 9166 9060 769 17189 
1 4 769 17139 2358 9245 
1 2 4533 8401 
1 4 17189 17174 17194 8401 
1 9 1471 7482 6461 10768 2792 10311 10802 2425 2075 
1 4 2075 8934 8018 17080 
1 5 17080 6420 10600 1119 17185 
1 5 17185 1119 6285 7953 17162 
1 3 6285 12930 4331 
1 5 11935 12815 5017 11317 8755 
1 5 8755 82 11494 10459 6775 
1 5 8755 82 2078 7672 10459 
1 3 6775 12310 8386 
1 2 6775 17120 
1 3 4533 8251 7672 
1 4 8386 11288 7699 4331 
1 4 4331 9107 17143 7699 
1 3 12310 904 17143 
1 10 8935 11238 9168 16937 1666 6921 12346 9525 6675 5017 
1 4 11312 11143 414 17051 
1 4 414 17027 3644 12346 
1 2 3644 17007 
1 3 200 3515 9217 
1 3 16979 16960 9217 
1 5 9217 16951 3668 12822 4698 
1 2 16887 16858 
1 6 4536 2476 5382 9563 6199 12637 
1 2 5382 3676 
1 15 3676 11571 16389 11784 409 5090 10952 16422 2722 9947 16461 2115 8106 16519 6218 
1 8 12637 7299 11357 9642 10192 7224 16149 12448 
1 2 12448 1191 
1 11 4942 7771 15807 15843 1953 11012 5395 6511 15984 5406 1191 
1 5 5450 10035 2439 6842 2867 
1 3 2867 15679 3146 
1 4 2867 1991 11627 2959 
1 6 2959 6175 3608 8440 15986 506 
1 7 2959 5024 6286 2003 594 15936 15949 
1 2 6286 1470 
1 5 1470 11383 2383 15876 3608 
1 12 12907 8097 14539 5996 7434 8564 10353 9244 12102 284 9023 6300 
1 14 5687 9748 9393 14822 8992 5202 8151 2708 14652 10785 2038 14512 9406 7107 
1 7 3146 8432 15586 1643 15519 15487 10432 
1 6 15420 3862 11871 10053 10947 10432 
1 9 2995 4500 12748 15385 4758 10231 4380 15406 15420 
1 15 5687 2677 2294 603 4761 9248 15017 7935 7708 5021 6148 9404 11611 452 2995 
1 18 15017 8295 7227 8824 14894 9305 551 7861 9896 6503 14739 1892 14679 6039 5543 2974 6476 12907 
1 7 10053 785 15312 12743 3476 1600 15188 
1 8 9305 1767 1509 10869 15076 2096 11248 15188 
1 20 6218 8905 16497 6212 16509 4171 16516 7186 12687 2746 2671 16479 5206 201 11730 2342 4392 1586 11942 8243 
1 14 506 1563 8235 12128 11091 4457 9692 10836 2217 4077 3350 6206 16390 2532 
1 4 8243 16473 16426 16390 
1 11 2532 1238 11361 7488 16185 4613 7079 4860 12916 4847 15949 
1 15 15949 7547 8552 15857 15814 6730 2589 9258 8434 10116 10788 1220 15471 7141 2995 
1 4 16858 380 16814 4296 
1 8 4171 1556 10259 9409 6777 16722 16747 4296 
1 14 11942 536 7284 7691 11418 4188 16735 2745 8019 16774 4232 6319 687 1471 
1 8 2878 12614 7612 7001 5887 6341 16703 2430 
1 9 2430 11230 2460 4820 1196 16539 1573 12392 4536 
1 15 2444 10603 14412 1523 11902 14430 6063 5323 14378 4702 6136 14405 2632 9465 3510 
1 7 3065 4012 11742 14403 2374 8471 3510 
1 14 10962 593 14454 14421 10323 8226 11032 11217 430 14453 1013 10374 6771 3065 
1 4 2794 14387 8559 10962 
1 4 12342 3098 4074 10962 
1 8 11108 9030 5377 14328 394 3025 4697 12342 
1 8 6411 4614 6155 11953 1905 10174 7957 11108 
1 2 5377 5783 
1 2 14421 1955 
1 5 10603 14346 9412 14315 11048 
1 2 6714 13798 
1 5 13798 4008 13875 13890 8100 
1 13 8100 12713 6194 7015 14044 2801 14146 7210 14177 14212 1605 822 14315 
1 6 11048 14336 3657 8090 14378 2909 
1 6 2909 14374 585 4970 14341 9465 
1 21 6714 4610 11693 9418 5011 7790 9988 5792 6456 8215 13714 12271 13681 8199 244 11916 2885 11186 13679 18224 11649 
1 7 8171 11554 323 4236 6885 13064 7560 
1 72 6714 4610 11693 9418 5011 7790 9988 5792 6456 8215 4550 4801 2058 5708 1510 5344 9841 9133 10807 441 1386 5766 1044 4946 13884 3093 13871 5807 60 4125 1330 7796 13785 10319 817 6594 1657 9223 13733 6017 730 5529 6054 13695 6696 5347 7712 13620 5917 11175 11053 9247 7359 13442 3276 13435 2324 5938 8978 9711 1083 5539 12165 1160 4015 13175 6586 1858 8296 9179 13086 3238 
1 55 8640 12181 6879 500 1680 8806 1489 8523 7075 8821 3126 14488 11156 8734 602 10794 14283 847 144 2190 9852 14120 10436 7859 7684 6924 1576 11467 8922 12799 11302 2711 13642 13582 4711 10018 4264 13429 2790 13350 5325 12449 3940 6530 2566 2497 2634 2919 8129 5046 1583 18186 18187 18189 18190 
1 17 7560 7080 13142 1227 1939 2423 13287 10123 7523 5067 141 1718 13531 5150 11189 3685 18223 
1 16 6411 3818 9395 1045 7313 8071 5084 3093 11769 6604 8770 9864 9795 2123 10773 13738 
1 3 13456 1754 9878 
1 15 7560 9316 13095 6728 7719 13166 4021 10219 9922 13233 13256 3054 12334 12883 9878 
1 14 12938 10532 4489 12974 7997 10358 12258 12939 7509 6345 5552 1472 13077 7560 
1 3 12938 10532 8132 
1 29 11693 6001 13687 1831 12681 7779 13618 3420 13534 11351 3764 11606 13550 3616 10684 2903 797 7814 2467 7568 8367 4526 5399 5070 12500 6387 7573 6125 8132 
1 10 13456 5794 13498 3137 13606 2480 10380 5380 13690 9223 
1 10 8600 3453 8186 6936 12185 4622 10779 11213 11783 9425 
1 14 12938 7716 9673 13074 2764 5473 11813 13208 3582 4315 1266 78 13365 8600 
1 9 12938 12937 7033 7678 11915 12936 4057 9675 11904 
1 3 11904 10086 993 
1 5 2688 579 7688 8618 13130 
1 10 13130 3630 1881 12800 7858 2347 13209 12265 938 12673 
1 8 2688 3858 3326 6181 6873 13033 6480 13068 
1 8 993 2299 5477 4109 13000 13032 8850 13068 
1 7 12673 13263 12171 4353 8813 11216 5817 
1 5 9425 1216 8588 4591 5817 
1 14 12673 12144 13266 9259 12867 1059 13333 1102 13351 4662 11174 3981 13374 8600 
1 2 1059 10956 
1 8 1266 7680 10397 10874 11624 9352 2531 10956 
1 9 13000 13041 1776 5707 2407 11957 6220 1960 11624 
1 7 22 10038 4919 3794 13567 11386 11606 
1 6 22 2858 567 47 1199 141 
1 14 3510 4953 480 4459 11002 4948 9699 5272 1129 12477 9837 3873 982 5766 
1 4 5766 11199 10515 14046 
1 11 14046 2400 9782 6683 9372 12812 977 9526 5566 8705 2794 
1 9 997 13951 13912 13886 1891 13814 11476 6456 8006 
1 3 8006 10110 13618 
1 7 5011 749 13809 8218 8980 13904 8100 
1 5 14208 4911 7644 2104 3657 
1 2 997 7846 
1 8 7846 5035 12462 2359 3556 9603 642 12713 
1 10 997 11755 13999 9387 5186 14016 12477 1505 10270 14046 
1 8 5644 3337 9047 13380 12068 8026 2660 13423 
1 6 12391 12183 3278 5291 13389 13423 
1 8 12391 9071 8392 3378 13264 10862 13218 5420 
1 3 5644 1206 12632 
1 3 5644 11029 8585 
1 3 8585 364 10166 
1 2 13389 7105 
1 10 2889 5316 10574 381 3063 15723 15752 10278 15818 2720 
1 11 2720 12738 16020 7007 5014 16097 12716 16155 6260 2723 8836 
1 10 16287 6010 6130 12147 1903 396 16617 7891 7598 11480 
1 5 11480 7598 3686 8377 16659 
1 7 6482 11086 7897 6554 11239 8684 15733 
1 20 11546 3531 7622 10887 8086 4745 5392 2896 9220 771 12065 5026 15910 34 3375 8979 15804 15757 11046 15733 
1 2 8979 15784 
1 4 8979 3775 6850 15942 
1 2 15910 15935 
1 5 15935 5268 8740 16044 7784 
1 2 4194 7784 
1 10 11546 3217 858 12709 12547 16335 8518 2065 2333 16507 
1 5 3491 16599 4407 10767 16507 
1 11 16507 2333 12617 16464 887 16499 16525 11721 16530 3982 16532 
1 14 4194 16164 474 8988 5075 10467 16327 6443 1082 9715 16475 6574 10645 16532 
1 2 16354 6443 
1 3 16354 8931 16460 
1 7 11546 264 5922 11412 1317 12233 1786 
1 2 12233 6449 
1 4 2603 5434 8368 6449 
1 3 2603 12603 2962 
1 5 15829 15877 1706 5734 2962 
1 7 2603 3732 11364 16065 4355 5490 10887 
1 2 10591 8086 
1 6 8086 6426 5200 16132 7907 6897 
1 3 10625 6388 6897 
1 6 6897 3737 11324 4213 16358 1082 
1 5 6897 16228 137 16262 10451 
1 7 10451 16306 8917 16388 5559 16468 16499 
1 4 15829 6452 15707 5431 
1 5 8039 12488 15602 4559 5431 
1 2 8039 11161 
1 5 15707 15698 11100 1996 15691 
1 2 15829 160 
1 11 15691 10159 3845 3174 8505 15727 7086 9651 11928 718 5592 
1 2 5592 9938 
1 6 9938 2980 11036 3710 15736 15757 
1 9 11161 1303 11299 4615 8396 3550 9747 5638 4136 
1 7 4136 9952 6690 15600 3575 8446 9938 
1 6 4136 12434 3679 4255 3951 15448 
1 3 3951 8214 2138 
1 2 9938 2138 
1 10 15448 12101 2005 4390 15472 7213 11400 9571 12253 1173 
1 8 1173 15569 3597 5966 15671 1417 15736 15757 
1 5 10475 7396 12416 4276 11161 
1 5 15536 8511 11023 8 5431 
1 10 3228 11160 3796 7322 9823 12045 3342 13713 4984 4039 
1 8 13798 5884 5787 13710 13673 827 11493 6326 
1 9 13798 3076 5824 12492 10242 3465 6116 6118 377 
1 23 377 10521 6028 14072 7977 1289 8748 6799 10855 11863 7747 7920 2414 6169 14314 14354 6307 4311 8159 10642 2435 10805 1190 
1 14 1190 519 9621 3917 12779 1452 6875 9873 14877 6816 7106 3369 12638 1245 
1 4 1245 622 802 9264 
1 4 9264 6656 3150 12638 
1 3 12638 1757 10981 
1 6 10981 1501 9468 3872 9270 2419 
1 5 2419 12824 176 12158 802 
1 5 802 2625 3320 8059 7466 
1 3 7466 10816 5857 
1 4 5857 584 11503 2949 
1 7 2949 444 10714 10528 12158 9890 12824 
1 6 1272 15299 360 6451 8415 2419 
1 5 1272 975 3164 15083 9468 
1 4 3164 10236 1359 2419 
1 4 3164 7700 4262 9827 
1 22 5632 11022 4655 10884 12454 10205 6520 12856 6891 10784 9065 2363 14551 5146 14634 1542 3027 14735 6887 2475 4762 9827 
1 3 3147 14532 2363 
1 6 1190 476 11596 7881 14499 9065 
1 9 4039 13794 2710 1821 13883 5901 13949 3304 5632 
1 6 5614 2265 7714 6107 13689 4039 
1 16 2218 5839 13523 4772 13482 6806 3298 4314 13497 13466 3989 11029 13379 13343 1206 12632 
1 5 5614 3206 8829 13386 2394 
1 2 1582 8829 
1 11 4984 2171 8181 6446 13764 2841 3212 13748 13731 13706 2305 
1 15 6326 11119 623 9143 8887 13765 1954 6097 5370 3646 4807 4703 12735 9605 2305 
1 27 377 10521 216 10502 138 13950 5409 8010 10154 5033 7338 11939 3529 9547 12736 13788 10804 1389 5816 7717 11038 7731 10832 9870 13825 1488 13794 
1 9 5033 13913 425 11543 10744 777 7187 1503 7920 
1 6 10554 14314 6169 7649 14372 1352 
1 6 14420 1352 10554 14354 6307 9966 
1 2 14420 9966 
1 4 11022 3508 14100 2472 
1 3 2472 544 1084 
1 9 1084 4180 14231 5082 14287 10398 7176 9514 14314 
1 9 4180 9518 12037 4929 7269 1949 9219 14319 12856 
1 4 4929 7265 5288 14319 
1 5 7269 4985 12613 14463 1190 
1 10 5857 2719 15148 11294 5663 15177 11687 2077 11505 4628 
1 14 15077 7823 3488 15160 1959 15225 1935 15307 8286 10007 4248 10540 3906 4628 
1 2 4628 15191 
1 10 14372 12056 14467 8636 12926 14555 14571 9004 8859 167 
1 10 8159 11651 4677 14500 14533 14570 15 8719 12820 6949 
1 4 3917 9296 4031 14767 
1 3 14877 14859 9945 
1 9 12243 14857 2318 14864 8864 7903 14909 9379 9945 
1 7 4671 535 14784 101 14813 3725 9 
1 4 4671 12475 2167 12243 
1 6 6949 3735 1760 14757 14806 9 
1 6 167 8670 2921 6035 6749 14806 
1 5 6035 5517 7389 14850 4243 
1 7 4628 15094 9756 12790 9260 12318 4243 
1 6 9 2897 9767 14952 6276 12790 
1 8 4243 7883 6509 15084 15116 15132 9628 4339 
1 4 15116 4696 8906 10540 
1 10 9890 1022 2031 11583 9463 8046 11025 7865 10163 15329 
1 7 10007 4248 2917 15263 3045 12337 5522 
1 6 15329 3501 5326 2352 15250 5522 
1 5 5522 15310 5077 12201 4390 
1 7 2802 14600 155 7734 14482 9985 2444 
1 9 167 4360 12669 14693 3882 1349 14647 670 2802 
1 14 8748 14224 1387 1742 2428 11245 14419 781 12212 14522 5927 14604 3316 3882 
1 11 9628 15122 5630 6640 15002 1610 10149 1904 9232 6576 14693 
1 14 5816 8342 9536 4138 13952 13989 12261 1479 3708 8043 1149 901 9514 14314 
1 6 3491 4993 11475 8232 1618 7055 
1 4 8232 63 16689 2401 
1 4 2401 304 16811 2079 
1 3 7055 145 16820 
1 2 8668 16820 
1 6 2079 12000 16835 1293 442 7126 
1 2 8668 1293 
1 5 8668 16803 1248 2550 16811 
1 3 16820 11188 442 
1 4 12617 9369 9091 10108 
1 4 10767 10408 11130 10108 
1 2 16530 6845 
1 4 12077 1104 16910 12251 
1 5 12251 10728 7952 6160 12077 
1 8 11188 5429 16842 3286 7934 4545 10728 12251 
1 8 6845 3351 8327 658 16726 6584 4769 7934 
1 9 3982 16532 16560 3994 6033 4351 1439 9128 8121 
1 3 16726 7050 9128 
1 2 6305 4769 
1 9 8121 10178 7899 16831 10197 5721 16849 9625 2251 
1 5 16910 2323 2216 12063 2251 
1 2 12251 12077 
1 3 12063 16920 4508 
1 3 4508 11789 1448 
1 3 2323 4616 1448 
1 6 6845 11582 5955 1255 2319 16710 
1 4 1255 11878 9082 1618 
1 4 16710 161 8975 16842 
1 5 16842 16856 4492 8762 600 
1 4 11789 3085 12209 9041 
1 5 4508 5065 9830 5104 17001 
1 4 17001 12699 1278 10572 
1 4 10572 1127 4196 17167 
1 4 9041 11632 251 8603 
1 4 8603 10646 8470 1172 
1 3 1172 10514 8697 
1 2 8697 2656 
1 4 2656 597 17153 4196 
1 3 17167 6060 597 
1 3 600 2558 11268 
1 4 11268 4154 3346 5404 
1 5 5404 11681 3127 7709 6089 
1 3 6384 11117 6089 
1 4 6089 12132 10297 17109 
1 4 3085 924 12437 6738 
1 4 6738 17072 5426 17109 
1 4 6738 11924 6754 8603 
1 4 8470 11569 4921 17110 
1 3 17110 17112 7309 
1 3 17109 1894 7309 
1 3 6281 10705 17109 
1 4 6160 11547 12304 4855 
1 4 4855 3530 11112 6281 
1 7 4855 3022 5124 16982 1448 11509 3085 
1 3 6305 16793 8121 
1 5 7126 2545 6992 11506 1379 
1 6 9937 16880 12450 9548 3607 12659 
1 4 9937 11655 442 7126 
1 3 2545 16939 940 
1 2 1379 3399 
1 2 940 12659 
1 3 940 9252 3399 
1 9 9509 5940 9959 2527 10359 5157 17018 16995 3399 
1 4 1379 7574 6416 12564 
1 3 12564 11291 56 
1 5 56 8629 7777 5940 9509 
1 2 10359 12859 
1 5 12859 12874 1109 647 6384 
1 5 9509 17152 4159 647 6384 
1 4 9509 1507 8406 10854 
1 5 12564 6430 56 206 10854 
1 9 2079 12000 1019 6992 789 7543 17000 12231 12564 
1 6 17171 6861 17136 17116 1236 17076 
1 21 17171 6861 7082 2702 1945 17160 249 7692 11246 17125 3551 10917 1442 1822 17168 17183 17184 3396 12774 6019 8205 
1 6 10572 2095 4612 4750 17098 9504 
1 9 8205 6395 17147 12361 8758 568 17128 17124 9504 
1 22 2995 12172 15522 2833 12108 11728 7579 7501 15778 9155 9859 15963 10878 1322 9461 376 1513 5502 5895 16326 16374 7940 
1 9 8243 3631 4186 7938 8950 12858 8831 1772 7940 
1 19 2677 2294 603 4761 9248 15017 7935 7708 5021 6148 9404 11611 452 2995 5301 3291 5246 1861 6928 
1 2 11728 6928 
1 2 16991 9948 
1 5 11480 16756 16825 6593 6273 
1 11 9948 799 2665 3154 16912 3991 16901 7306 16850 11415 6273 
1 4 16659 328 1557 3338 
1 12 3338 2458 2989 12269 11970 10584 16929 16953 8052 413 11685 17045 
1 10 17076 3521 8476 17091 8892 8138 3051 12605 416 16991 
1 8 17045 9289 2387 9916 2809 187 3148 17171 
1 5 17001 3086 4828 411 374 
1 7 374 8969 2030 16969 11479 16990 909 
1 13 909 7208 9559 9583 6267 4161 17026 11861 6973 11879 10859 416 16991 
1 12 16460 1332 8939 8211 8219 16626 333 115 631 10692 7843 9625 
1 3 15902 12739 12915 
1 11 12915 7545 10683 3788 5900 7530 3738 16250 4967 6108 16355 
1 4 16355 1366 12585 11835 
1 6 11835 4592 542 9298 6032 8211 
1 5 4194 16165 10109 5364 16250 
1 29 16250 8473 347 4476 4211 11684 16424 10737 2396 7259 6497 709 6301 12242 5221 1648 4784 10404 306 11725 9058 7998 4714 6852 9555 3776 10859 416 16991 
1 8 1329 15919 3695 7862 16018 16062 6392 3544 
1 21 3544 9292 16264 10376 1267 12843 1370 38 4130 16596 9974 618 2884 12036 12474 12442 870 6612 1807 4332 9948 
1 6 12915 16028 16037 16039 6882 1873 
1 24 4541 16062 3726 2663 11759 1347 10352 7349 7778 10883 4222 16152 4254 10598 6129 3655 8356 1039 6049 6010 16311 3635 1802 9969 
1 7 16155 8641 16198 7340 11486 9031 3655 
1 16 3655 11605 12249 2666 16384 4838 16469 4543 3180 8034 1982 11212 16645 4980 1177 2884 
1 5 1873 11371 6352 5039 4541 
1 9 11371 5120 8506 2391 9811 16270 4278 12275 11074 
1 3 38 16510 205 
1 7 11074 10974 3824 6653 6250 9187 205 
1 3 12247 4253 6653 
1 2 10376 4118 
1 4 12247 12382 16391 4118 
1 4 6653 16557 3294 12242 
1 10 7843 2907 11368 927 16900 16914 16941 16952 9243 374 
1 6 7843 10425 16755 7506 12482 4623 
1 5 4623 11908 11575 9912 5627 
1 4 16724 8802 16658 5627 
1 12 16724 1660 8419 16788 941 3937 7538 11374 16860 721 16916 446 
1 3 2726 16932 446 
1 3 16932 8630 6852 
1 15 12249 3489 16443 17 1396 6573 2440 7071 16693 3936 10383 16807 433 7306 16901 
1 13 16991 16983 12281 4648 4821 16988 7236 450 12205 9517 11421 9523 11685 
1 6 16152 16176 16201 6637 5994 16286 
1 8 11212 6538 8152 11198 16463 853 6087 16286 
1 2 3630 5420 
1 4 12391 5018 3651 12673 
1 6 9425 10602 10301 10904 7535 13673 
1 4 8600 8301 13436 10684 
1 4 5715 18154 18153 1661 
1 6 2262 15874 6084 12430 10414 6171 
1 5 15831 12176 5548 3456 15777 
1 2 5548 10453 
1 18 18185 18184 18183 18182 18181 18179 18178 18177 18176 18175 18174 18173 18172 18171 18170 13027 18168 18186 
1 5 18190 18191 691 18197 18201 
1 3 18201 18199 18190 
1 3 18199 18198 18190 
1 3 18201 18198 18197 
1 3 691 18198 18191 
1 2 18185 18186 
1 6 13120 13023 18168 18188 18169 18191 
1 5 3238 10810 13017 18184 18190 
1 5 691 18196 18175 1562 9170 
1 2 10786 18176 
1 2 18197 18176 
1 3 8237 12555 1273 
1 4 18178 4049 18200 18201 
1 3 8284 7045 15078 
1 2 5593 15014 
1 13 4063 11186 3910 13735 8057 7027 3685 4063 13598 13569 1765 8574 567 
2 2 18223 18221 
2 3 18227 11649 18228 
2 3 18226 11649 18225 
1 2 18221 18224 
1 2 11649 18221 
2 12 13738 8057 18222 18221 18220 18223 18224 18225 18226 18227 18228 18222 
1 3 18225 13679 3910 
1 2 13735 18226 
1 2 18227 13735 
1 2 18220 7027 
1 4 15078 18209 18208 2273 
