1 7 
1 9 
1 22 
1 38 
1 56 
1 120 
1 122 
1 167 
1 196 
1 200 
1 227 
1 287 
1 356 
1 374 
1 377 
1 398 
1 405 
1 414 
1 506 
1 524 
1 600 
1 691 
1 726 
1 729 
1 766 
1 769 
1 798 
1 800 
1 802 
1 807 
1 832 
1 909 
1 934 
1 940 
1 974 
1 993 
1 997 
1 1028 
1 1029 
1 1055 
1 1059 
1 1084 
1 1172 
1 1173 
1 1190 
1 1245 
1 1255 
1 1266 
1 1271 
1 1272 
1 1285 
1 1325 
1 1329 
1 1378 
1 1379 
1 1380 
1 1406 
1 1426 
1 1470 
1 1471 
1 1524 
1 1551 
1 1559 
1 1582 
1 1661 
1 1779 
1 1841 
1 1854 
1 1868 
1 1873 
1 1883 
1 1885 
1 1909 
1 1951 
1 2075 
1 2079 
1 2107 
1 2124 
1 2182 
1 2218 
1 2273 
1 2279 
1 2295 
1 2323 
1 2348 
1 2368 
1 2385 
1 2401 
1 2419 
1 2430 
1 2444 
1 2472 
1 2532 
1 2545 
1 2588 
1 2603 
1 2605 
1 2606 
1 2610 
1 2637 
1 2653 
1 2656 
1 2677 
1 2688 
1 2720 
1 2726 
1 2794 
1 2802 
1 2805 
1 2840 
1 2867 
1 2878 
1 2889 
1 2900 
1 2909 
1 2914 
1 2946 
1 2949 
1 2959 
1 2995 
1 3012 
1 3065 
1 3085 
1 3146 
1 3147 
1 3164 
1 3228 
1 3231 
1 3264 
1 3302 
1 3338 
1 3377 
1 3491 
1 3510 
1 3544 
1 3601 
1 3626 
1 3632 
1 3644 
1 3655 
1 3676 
1 3683 
1 3704 
1 3706 
1 3739 
1 3759 
1 3787 
1 3822 
1 3917 
1 3927 
1 3948 
1 3951 
1 3982 
1 4018 
1 4023 
1 4039 
1 4121 
1 4136 
1 4158 
1 4171 
1 4180 
1 4194 
1 4208 
1 4240 
1 4243 
1 4271 
1 4277 
1 4294 
1 4331 
1 4371 
1 4423 
1 4508 
1 4533 
1 4534 
1 4536 
1 4541 
1 4549 
1 4623 
1 4628 
1 4652 
1 4671 
1 4709 
1 4794 
1 4832 
1 4855 
1 4913 
1 4929 
1 4933 
1 4935 
1 4942 
1 4955 
1 4974 
1 4984 
1 4992 
1 5011 
1 5033 
1 5103 
1 5107 
1 5220 
1 5263 
1 5350 
1 5377 
1 5382 
1 5404 
1 5450 
1 5522 
1 5592 
1 5614 
1 5632 
1 5644 
1 5687 
1 5766 
1 5816 
1 5857 
1 5920 
1 5943 
1 5961 
1 6035 
1 6037 
1 6042 
1 6089 
1 6159 
1 6160 
1 6163 
1 6200 
1 6218 
1 6258 
1 6281 
1 6285 
1 6286 
1 6305 
1 6326 
1 6359 
1 6369 
1 6376 
1 6384 
1 6411 
1 6481 
1 6482 
1 6599 
1 6621 
1 6622 
1 6625 
1 6653 
1 6714 
1 6738 
1 6773 
1 6775 
1 6845 
1 6871 
1 6890 
1 6897 
1 6923 
1 6949 
1 6971 
1 7018 
1 7055 
1 7115 
1 7126 
1 7146 
1 7207 
1 7209 
1 7269 
1 7351 
1 7375 
1 7419 
1 7433 
1 7466 
1 7472 
1 7525 
1 7560 
1 7596 
1 7636 
1 7650 
1 7724 
1 7750 
1 7827 
1 7828 
1 7843 
1 7846 
1 7859 
1 7976 
1 8006 
1 8008 
1 8039 
1 8086 
1 8100 
1 8121 
1 8144 
1 8149 
1 8159 
1 8171 
1 8205 
1 8232 
1 8243 
1 8274 
1 8386 
1 8429 
1 8431 
1 8470 
1 8571 
1 8580 
1 8585 
1 8600 
1 8603 
1 8655 
1 8665 
1 8668 
1 8678 
1 8697 
1 8747 
1 8748 
1 8755 
1 8836 
1 8841 
1 8842 
1 8885 
1 8935 
1 8979 
1 8987 
1 8993 
1 9041 
1 9134 
1 9154 
1 9157 
1 9189 
1 9217 
1 9231 
1 9238 
1 9264 
1 9265 
1 9305 
1 9320 
1 9359 
1 9383 
1 9425 
1 9437 
1 9439 
1 9498 
1 9509 
1 9513 
1 9553 
1 9628 
1 9638 
1 9666 
1 9890 
1 9937 
1 9938 
1 9940 
1 9948 
1 9969 
1 10007 
1 10017 
1 10046 
1 10053 
1 10091 
1 10281 
1 10348 
1 10359 
1 10376 
1 10387 
1 10451 
1 10475 
1 10554 
1 10572 
1 10591 
1 10603 
1 10625 
1 10640 
1 10681 
1 10708 
1 10767 
1 10791 
1 10942 
1 10949 
1 10960 
1 10962 
1 10981 
1 10988 
1 11020 
1 11022 
1 11039 
1 11048 
1 11074 
1 11108 
1 11114 
1 11140 
1 11156 
1 11161 
1 11171 
1 11188 
1 11212 
1 11268 
1 11312 
1 11325 
1 11342 
1 11371 
1 11480 
1 11533 
1 11546 
1 11555 
1 11590 
1 11609 
1 11628 
1 11649 
1 11693 
1 11698 
1 11728 
1 11776 
1 11789 
1 11798 
1 11803 
1 11832 
1 11835 
1 11897 
1 11904 
1 11935 
1 11941 
1 11942 
1 11969 
1 12038 
1 12063 
1 12077 
1 12110 
1 12161 
1 12233 
1 12243 
1 12247 
1 12249 
1 12251 
1 12310 
1 12330 
1 12342 
1 12389 
1 12391 
1 12396 
1 12398 
1 12448 
1 12452 
1 12549 
1 12552 
1 12564 
1 12617 
1 12637 
1 12638 
1 12673 
1 12697 
1 12754 
1 12755 
1 12771 
1 12805 
1 12831 
1 12859 
1 12907 
1 12915 
1 12919 
1 12938 
1 12942 
1 12972 
1 13000 
1 13016 
1 13130 
1 13132 
1 13139 
1 13389 
1 13409 
1 13421 
1 13456 
1 13547 
1 13659 
1 13798 
1 13981 
1 14046 
1 14121 
1 14139 
1 14208 
1 14372 
1 14420 
1 14421 
1 14478 
1 14494 
1 14704 
1 14753 
1 14774 
1 14873 
1 14877 
1 14915 
1 14916 
1 14924 
1 15017 
1 15043 
1 15077 
1 15116 
1 15117 
1 15175 
1 15186 
1 15199 
1 15218 
1 15256 
1 15329 
1 15365 
1 15376 
1 15420 
1 15448 
1 15450 
1 15489 
1 15536 
1 15578 
1 15580 
1 15633 
1 15647 
1 15649 
1 15666 
1 15690 
1 15691 
1 15693 
1 15699 
1 15703 
1 15707 
1 15764 
1 15782 
1 15806 
1 15829 
1 15831 
1 15862 
1 15875 
1 15897 
1 15902 
1 15910 
1 15935 
1 15949 
1 15976 
1 16040 
1 16050 
1 16152 
1 16155 
1 16182 
1 16221 
1 16250 
1 16267 
1 16287 
1 16307 
1 16354 
1 16355 
1 16460 
1 16489 
1 16495 
1 16507 
1 16513 
1 16530 
1 16585 
1 16659 
1 16710 
1 16724 
1 16726 
1 16820 
1 16823 
1 16842 
1 16858 
1 16887 
1 16910 
1 16932 
1 16979 
1 16991 
1 17001 
1 17017 
1 17045 
1 17076 
1 17080 
1 17109 
1 17110 
1 17121 
1 17167 
1 17171 
1 17185 
1 17189 
