state={
	id=105
	name="STATE_105"
	history = {
		owner = UKR
		add_core_of = UKR
		victory_points = {
			6560 25
		}
	}
	provinces={
		1028 1229 1857 2275 2404 3187 3472 3499 3561 3716 3744 3869 3946 4023 4586 4850 5055 5226 5492 5829 6170 6560 6950 6977 7275 7937 8015 8045 8175 8234 8338 8344 8715 9887 10563 10579 10849 10899 11058 11181 11272 11273 11303 11940 12495 15128 15167 15176 15203 15204 15229 15274 15313 15320 15334 15354 15365 15374 15400 15413 15422 15427 15570 15584 
	}
	buildings_max_level_factor=0.750
	manpower=600500
	state_category = large_town
}
