state = {
	id = 113
	name = "STATE_113"
	manpower = 3925153

	state_category = large_city

	resources = {
		oil = 285
		gas = 153
		steel = 12
		rubber = 21
	}

	history = {
		owner = RUS
		
		victory_points = { 16040 76 }
		victory_points = { 15782 29 }
		victory_points = { 4992 5 }
		victory_points = { 15578 9 }
		
		buildings = {
			infrastructure = 3
			air_base = 2
		}
		
		add_core_of = RUS
	}

	provinces = {
		106 356 383 428 448 526 528 569 608 653 762 780 807 1062 1476 1592 1753 1844 1855 1912 1942 2083 2244 2578 2795 2870 2888 2914 2925 2986 3109 3135 3229 3240 3449 3457 3663 3762 3786 3922 3988 4022 4092 4098 4142 4241 4252 4290 4310 4367 4415 4440 4485 4513 4534 4626 4748 4775 4785 4842 4843 4917 4992 4996 5205 5296 5310 5444 5474 5567 5703 5718 5764 5911 5914 5962 5985 6082 6145 6168 6221 6240 6287 6288 6290 6299 6303 6415 6442 6544 6583 6709 6723 6761 6828 6896 6916 6920 6979 7051 7104 7386 7426 7436 7471 7624 7670 7696 7780 7909 7922 7993 8007 8008 8013 8148 8249 8294 8352 8422 8553 8643 8657 8695 8865 8873 8966 9272 9314 9383 9441 9447 9471 9527 9546 9558 9771 9784 9851 9986 10132 10161 10209 10247 10249 10456 10564 10605 10732 10760 10828 11015 11296 11315 11316 11332 11573 11588 11659 11770 11792 11930 11988 12104 12116 12127 12297 12356 12428 12860 12873 12918 15220 15239 15246 15278 15291 15322 15364 15372 15379 15395 15396 15429 15438 15444 15451 15452 15516 15531 15571 15578 15590 15592 15641 15661 15686 15692 15695 15701 15715 15721 15726 15729 15746 15774 15782 15783 15820 15821 15848 15852 15869 15898 15912 15946 15954 15961 15962 15968 15977 15982 15990 16001 16012 16027 16040 16042 19088 19089 19108 19110 19111 19112 19113 19143 19144 19157 19158 19218 19220 19228 19229 19230 19231 19232 19233 19234 19235 19236 19237 19238 19251 19252 19253 19254 19255 19256 19257 19258 19259 19260 19261 19262 19263 19264 19265 19266 19267 19273 19274 19275 19276 19294 19295 19296 19297 19298 19299 19300 19301 19302 19303 19304 19305 19306 19308 19309 19312 19313 19314 19315 19316 19317 19318 19319 19320 19321 19322 19323 19324 19325 19326 19537 19538 19539 19540 19541 19542 19543 19544 19545 19546 19547 19548 19604 
	}

}
