state = { 
	id = 12 
	name = "STATE_12" 
	manpower = 888421 
	
	state_category = large_town 
	history = { 
		owner = RUS 
		
		victory_points = { 1883 100 }
		
		buildings = { 
			electrical_substation = 7 
			electrical_substation_big = 6 
			infrastructure = 3 
			industrial_complex = 3 
			arms_factory = 4 
			air_base = 2 
			anti_air_building = 4 
			radar_station = 2 
			nuclear_power_plant = 3 
			ammunition_silo = 1 
			synthetic_refinery = 2 
			thermal_power_plant = 5 
			1883 = { air_facility = 1 }
		}
		
		add_core_of = RUS 
	}
	provinces = { 44 286 357 368 392 406 420 451 513 518 710 794 998 1026 1032 1040 1065 1105 1120 1194 1262 1375 1596 1697 1712 1716 1860 1883 1888 1906 1925 1931 1988 2018 2045 2139 2140 2165 2229 2237 2263 2308 2470 2517 2674 2786 2931 2968 3079 3141 3234 3254 3319 3380 3539 3656 3808 3817 3961 4003 4066 4113 4309 4382 4398 4452 4608 4890 5059 5135 5138 5160 5182 5239 5265 5319 5324 5347 5349 5365 5371 5438 5465 5476 5576 5634 5751 5848 5872 5917 6054 6106 6128 6205 6215 6328 6390 6455 6559 6581 6582 6681 6696 6955 7029 7074 7149 7166 7177 7231 7274 7321 7341 7485 7512 7591 7609 7687 7712 7751 7776 7820 7830 7832 8027 8038 8077 8114 8164 8229 8259 8275 8311 8348 8375 8459 8528 8543 8650 9048 9076 9090 9136 9156 9370 9449 9487 9502 9507 9551 9857 9911 9996 10043 10047 10160 10229 10277 10316 10474 10495 10497 10621 10709 10881 10905 10932 11148 11175 11184 11310 11459 11481 11741 11745 11819 11822 11862 11888 12059 12467 12645 12750 12767 12777 12905 12985 13013 13070 13083 13093 13106 13119 13148 13149 13153 13162 13187 13190 13193 13204 13234 13249 13272 13285 13295 13301 13322 13335 13348 13352 13353 13357 13361 13378 13385 13390 13408 13420 13442 13443 13467 13485 13518 13554 13564 13574 13599 13610 13620 13633 13643 13655 13695 13715 13721 13807 13859 }
}
