state = {
	id = 13
	name = "STATE_13"
	manpower = 8524665

	state_category = large_city

	provinces = {
		46 84 147 171 391 395 532 764 796 911 929 970 972 994 1038 1151 1226 1273 1404 1506 1562 1583 1607 1692 1782 1799 1858 1946 2121 2168 2188 2261 2277 2297 2371 2420 2457 2484 2497 2591 2612 2634 2657 2659 2760 2830 2847 2919 2953 2977 3008 3110 3114 3230 3238 3329 3335 3377 3432 3468 3496 3519 3546 3601 3611 3628 4158 4174 4204 4257 4320 4325 4472 4587 4640 4650 4751 4754 4845 4939 5046 5119 5263 5396 5412 5442 5587 5678 5691 5742 5813 5835 5843 5844 6004 6076 6176 6211 6373 6433 6527 6537 6586 6783 6809 6940 7180 7191 7206 7217 7401 7460 7519 7572 7884 7894 7912 8040 8091 8129 8184 8237 8296 8298 8485 8582 8617 9097 9170 9179 9320 9594 9689 9812 10016 10067 10139 10190 10214 10271 10392 10434 10614 10654 10747 10752 10757 10786 10791 10810 11197 11247 11590 11815 11909 12041 12082 12110 12151 12331 12415 12555 12557 12680 12747 12908 12953 12954 12955 12956 12957 12958 12979 12989 12996 13004 13011 13017 13024 13039 13059 13061 13065 13076 13086 13094 13096 13097 13098 13102 13104 13107 13120 13132 13134 13136 13144 13154 13159 13164 13170 13175 13185 13197 13203 13212 13224 13236 13281 13282 13296 13304 13354 13364 13376 13384 13407 13521 
	}

	history = {
		owner = RUS
		
		victory_points = { 13132 10 }
		
		buildings = {
			infrastructure = 4
			arms_factory = 5
			industrial_complex = 6
			synthetic_refinery = 1
			air_base = 4
			anti_air_building = 5
			radar_station = 5
			ammunition_plant = 3
			ammunition_silo = 4
		}
		
		add_core_of = RUS
	}

	buildings_max_level_factor = 1.25
}
