state={
	id=146
	name="STATE_146"
	resources={
		gas=162
	}

	history = {
		owner = KAZ
		add_core_of = KAZ
		victory_points = {
			6928 2
		}
	
        buildings = {
              infrastructure=3
              arms_factory=1
              industrial_complex=1
		anti_air_building = 1
              } 
        }
	provinces={
		531 554 590 957 1220 1861 1984 2044 2154 2156 2245 2449 2493 2513 2589 2833 3132 3291 3475 3715 4122 4330 4645 4660 4738 4763 4987 5246 5581 5743 5871 6378 6427 6666 6730 6889 6928 7400 7501 7577 7579 7729 8252 8420 8430 8434 8456 9032 9051 9131 9155 9258 9274 9481 9581 9696 10084 10116 10145 10620 10745 10788 10995 11278 11492 11559 11626 11728 11998 11999 12049 12108 12229 12256 12591 12671 12928 15522 15525 15532 15542 15565 15574 15595 15606 15617 15631 15639 15642 15654 15656 15670 15682 15711 15732 15735 15742 15749 15767 15778 15779 15798 15801 15803 15814 15826 15857 15863 
	}
	buildings_max_level_factor=1.000
	manpower=15222
	state_category = rural
}
