state={
	id=16
	name="STATE_16"
	history = {
		owner = RUS
		add_core_of = RUS
		victory_points = {
			10668 7
		}
	}
	provinces={
		2 4 70 87 189 223 274 456 708 808 1025 1043 1195 1218 1437 1536 1578 1739 1800 1919 1921 1926 2054 2162 2242 2290 2309 2385 2503 2505 2537 2567 2763 2788 3060 3064 3144 3207 3425 3613 3664 3718 3758 3827 3835 3852 4047 4058 4140 4148 4202 4228 4233 4245 4249 4379 4438 4505 4540 4551 4694 4717 4731 4870 4990 5080 5096 5170 5427 5455 5585 5685 5710 5788 5862 5868 5912 6023 6143 6233 6238 6246 6302 6500 6654 6769 6874 6923 6943 7006 7040 7159 7198 7226 7242 7278 7491 7534 7536 7551 7571 7627 7840 7868 7916 7995 8035 8066 8085 8236 8263 8264 8376 8454 8466 8474 8517 8677 8733 8916 8971 9152 9250 9256 9437 9445 9520 9582 9635 9721 9755 9765 9778 9978 10032 10127 10146 10282 10334 10390 10419 10421 10464 10486 10498 10522 10578 10581 10668 10685 10689 10827 10856 10873 10903 11283 11314 11340 11348 11358 11441 11552 11562 11610 11919 11932 11956 11983 12024 12032 12210 12299 12349 12439 12531 12534 12649 12740 12811 12855 12965 12966 12967 12968 12983 12991 12992 12995 13001 13002 13025 13045 13072 13087 13103 13105 13108 13115 13117 13121 13123 13127 13133 13135 13137 13140 13141 13143 13145 13150 13156 13172 13177 13181 13183 13184 13198 13206 13213 13214 13216 13217 13223 13227 13239 13240 13250 13269 13278 13280 13284 13290 13292 13302 13308 13309 13312 13338 13355 13368 13393 
	}
	buildings_max_level_factor=1.000
	manpower=1527635
	state_category = large_town
}
