state={
	id=17
	name="STATE_17"
	resources={
        oil=155
	gas=114
    }
	history = {
		owner = RUS
		add_core_of = RUS
		victory_points = {
			3632 12
		}
	buildings = {
            infrastructure = 1
            industrial_complex = 3
	    arms_factory = 3
		anti_air_building = 2
        }
	}
	provinces={
		18 393 512 564 849 892 1070 1287 1405 1422 1514 1519 1969 2087 2089 2136 2205 2298 2388 2429 2553 2781 2954 3198 3275 3569 3632 3771 4259 4329 4381 4497 4539 4574 4886 4951 5128 5293 5342 5351 5360 5457 5545 5616 5648 5973 5988 6192 6197 6625 6638 6704 7152 7172 7195 7282 7316 7522 7948 8123 8647 8658 8874 9262 9336 9349 9636 9702 10024 10169 10592 10695 10723 10736 10753 10853 10991 11083 11379 11387 11654 11826 11836 11931 12013 12070 12114 12348 12455 12786 12849 12969 12970 13008 13035 13040 13080 13112 13160 13165 13169 13199 13222 13225 13251 13252 13273 13286 
	}
	buildings_max_level_factor=1.000
	manpower=561621
	state_category = town
}
