state = {
	id = 171
	name = "STATE_171"
	manpower = 960142

	state_category = large_town

	history = {
		owner = RUS
		
		victory_points = { 8243 50 }
		
		buildings = {
			infrastructure = 2
			industrial_complex = 4
			arms_factory = 4
			air_base = 2
			anti_air_building = 2
		}
		
		add_core_of = RUS
	}

	provinces = {
		113 116 126 201 222 238 277 536 788 811 859 1238 1586 1623 1699 1772 1785 2097 2342 2532 2813 3195 3268 3350 3423 3447 3467 3479 3622 3631 3899 4186 4188 4392 4958 5149 5250 5731 6069 6109 6206 6372 6400 6419 6437 6603 6782 7008 7039 7096 7284 7463 7691 7938 7951 7961 7990 8230 8243 8290 8437 8676 9105 9120 9674 10111 10877 10892 10895 11004 11057 11418 11430 11489 11528 11538 11558 11730 11767 11775 11875 11942 12025 12148 12239 12270 12424 12459 12768 12858 12887 12902 14550 16189 16390 16396 16421 16426 16453 16473 16491 16498 16514 16536 16552 16580 16590 16591 16619 16632 16634 16635 16660 16664 16666 16701 19479 19480 19481 19482 19483 19484 19485 19486 19487 19488 19489 19490 19491 19492 19493 
	}

}
