state = {
	id = 171
	name = "STATE_171"
	manpower = 960142

	state_category = large_town

	history = {
		owner = RUS
		
		victory_points = { 506 13 }
		victory_points = { 8243 50 }
		
		buildings = {
			infrastructure = 2
			industrial_complex = 4
			arms_factory = 4
			air_base = 2
			anti_air_building = 2
		}
		
		add_core_of = RUS
	}

	provinces = {
		113 116 126 201 222 238 277 289 506 536 632 685 714 788 811 859 1094 1232 1238 1436 1470 1511 1563 1586 1623 1699 1772 1785 1823 1987 1991 2003 2097 2217 2342 2383 2532 2678 2813 2867 2959 3195 3267 3268 3350 3423 3447 3467 3479 3608 3622 3631 3713 3899 3916 3935 4077 4186 4188 4357 4384 4392 4405 4457 4647 4753 4847 4860 4925 4958 5024 5149 5248 5250 5383 5408 5653 5725 5731 5819 6069 6077 6109 6175 6206 6372 6400 6419 6437 6525 6603 6722 6782 6797 7008 7034 7039 7079 7096 7140 7167 7284 7308 7355 7439 7463 7476 7488 7691 7803 7938 7951 7961 7990 8087 8230 8235 8243 8290 8432 8437 8440 8551 8646 8676 8737 8790 8828 9105 9120 9448 9674 9692 9732 9906 10111 10156 10218 10265 10454 10484 10577 10836 10877 10892 10895 10977 11004 11057 11091 11116 11319 11361 11418 11430 11489 11491 11528 11538 11558 11566 11627 11675 11730 11767 11775 11869 11875 11942 12025 12148 12239 12270 12279 12424 12459 12678 12768 12829 12858 12887 12902 12916 13820 13858 14550 15679 15766 15813 15832 15855 15866 15876 15899 15903 15927 15936 15948 15978 15986 15992 16009 16022 16041 16048 16054 16128 16189 16195 16233 16242 16309 16331 16339 16373 16390 16396 16403 16421 16426 16453 16473 16491 16498 16514 16536 16552 16580 16590 16591 16619 16632 16634 16635 16660 16664 16666 16701 18063 19479 19480 19481 19482 19483 19484 19485 19486 19487 19488 19489 19490 19491 19492 19493 
	}

}
