state = {
	id = 204
	name = "STATE_204"
	manpower = 238680

	state_category = town

	provinces = {
		90 166 257 402 461 625 627 686 687 976 1283 1286 1311 1471 1577 1621 1843 2099 2106 2179 2212 2469 2849 2943 3102 3324 3395 3400 3728 3777 3986 4375 4537 4565 4581 4619 4679 4873 4884 4949 5332 5815 5903 6212 6218 6232 6235 6259 6383 6404 6543 6881 6915 6929 6954 6956 6964 6986 7101 7219 7242 7268 7584 7660 8019 8024 8106 8135 8147 8330 8522 8545 8817 8901 8905 8936 8983 9174 9200 9218 9315 9417 9420 9491 9769 10184 10223 10259 10324 10447 10636 10657 10766 10861 10901 11037 11295 11333 11381 11612 11660 11679 11959 11989 12021 12058 12246 12285 12314 12322 12466 12665 13201 14107 14124 15860 15906 15960 15985 15994 16003 16033 16053 16071 16082 16092 16104 16142 16148 16150 16160 16170 16209 16218 16263 16268 16271 16305 16308 16348 16357 16365 16408 16429 16457 16476 16497 16509 16519 16537 16540 16551 16567 16573 16611 16680 16722 16735 16787 16805 16817 16858 16922 18070 18100 18858 
	}

	resources = {
		oil = 512
		gas = 258
	}

	history = {
		owner = RUS
		
		victory_points = { 7242 16 }
		victory_points = { 16858 16 }
		
		buildings = {
			infrastructure = 2
			industrial_complex = 3
			arms_factory = 3
			anti_air_building = 3
		}
		
		add_core_of = RUS
	}

}
