state = {
    id = 23
    name = "STATE_23"
    manpower = 1102810

    state_category = city

    resources = {
        aluminium = 378
    }

    history = {
        owner = RUS
        
        victory_points = { 3706 5 }
        victory_points = { 13421 50 }
        
        buildings = {
            infrastructure = 2
            industrial_complex = 3
            arms_factory = 8
            air_base = 1
            anti_air_building = 4
        }
        
        add_core_of = RUS
    }

    provinces = {
        40 86 207 329 346 639 643 695 711 716 815 877 905 919 978 1034 1050 1090 1269 1316 1362 1403 1459 1528 1533 1593 1629 1735 1752 1838 1901 1920 1924 1975 2020 2027 2056 2088 2101 2105 2157 2210 2315 2329 2335 2506 2516 2648 2750 2908 3030 3084 3103 3125 3149 3153 3233 3356 3365 3580 3706 3840 3894 3912 3950 4017 4024 4144 4258 4267 4293 4324 4354 4403 4417 4439 4582 4624 4869 4914 4956 4968 4981 4999 5012 5068 5071 5123 5261 5264 5356 5414 5440 5672 5754 5767 5779 5781 5913 5924 5975 6011 6021 6067 6110 6242 6297 6306 6322 6371 6515 6522 6531 6564 6669 6682 6687 6755 6781 6831 6866 6892 6893 7043 7063 7131 7145 7220 7255 7261 7327 7356 7393 7397 7414 7421 7500 7514 7532 7541 7578 7829 7879 7984 7989 8064 8125 8245 8254 8267 8302 8317 8334 8397 8452 8461 8625 8635 8776 8837 8908 8952 8970 9000 9016 9059 9199 9211 9414 9595 9597 9817 9866 9897 9913 9971 9993 10087 10131 10189 10238 10256 10268 10273 10547 10650 10734 10770 10799 10871 10928 10954 10975 10987 11126 11232 11304 11345 11353 11401 11607 11922 11973 12003 12083 12131 12162 12186 12282 12325 12330 12377 12383 12407 12543 12572 12636 12640 12684 12784 12840 12881 13220 13226 13262 13268 13298 13316 13323 13324 13336 13337 13341 13358 13367 13383 13392 13395 13398 13411 13413 13415 13421 13422 13431 13432 13447 13448 13465 13469 13471 13479 13489 13493 13499 13500 13503 13509 13516 13536 13537 13544 13557 13575 13596 13600 13615 13621 13635 13637 13644 13646 13647 13668 13676 13677 13682 13685 13698 13704 13711 13726 13727 13730 13742 13743 13745 13750 13758 13759 13770 13772 13824 13839 13849 13863 
    }

}
