state = { 
	id = 24 
	name = "STATE_24" 
	manpower = 1069904 
	
	state_category = large_town 
	history = { 
		owner = RUS 
		
		victory_points = { 558 3 }
		victory_points = { 13454 30 }
		
		buildings = { 
			electrical_substation = 2 
			electrical_substation_big = 1 
			infrastructure = 3 
			industrial_complex = 4 
			arms_factory = 4 
			air_base = 2 #Shaykovka AB
			anti_air_building = 4 
			radar_station = 3 
			synthetic_refinery = 1 
			thermal_power_plant = 1 
		}
		
		add_core_of = RUS 
	}
	provinces = { 67 192 215 219 233 350 371 558 580 591 703 720 908 917 967 1017 1060 1078 1083 1157 1160 1314 1465 1576 1602 1673 1793 1804 1864 1917 1952 1980 1997 2223 2321 2324 2566 2614 2622 2711 2790 2832 2988 2998 3048 3258 3282 3360 3414 3443 3509 3516 3886 3940 4015 4112 4208 4256 4264 4396 4437 4463 4520 4566 4637 4690 4711 4757 4812 5174 5222 5325 5359 5539 5599 5623 5657 5938 6005 6140 6183 6227 6470 6530 6641 6672 6700 7009 7069 7121 7128 7161 7239 7359 7564 7586 7675 7739 7893 7918 7928 7944 7958 8002 8062 8173 8213 8282 8384 8448 8513 8691 8731 8786 8922 8976 8978 9035 9072 9110 9137 9247 9282 9516 9578 9697 9710 9711 9856 10018 10027 10173 10185 10305 10445 10610 10798 10813 10822 10847 10851 10958 11053 11159 11223 11302 11377 11423 11455 11467 11525 11551 11613 11845 11858 11962 12121 12153 12156 12165 12449 12497 12525 12588 12667 12719 12799 12912 13200 13219 13244 13261 13289 13313 13314 13350 13366 13375 13406 13429 13435 13450 13454 13457 13480 13481 13510 13515 13527 13542 13543 13582 13584 13590 13603 13642 13658 13669 13696 13716 13732 13736 13779 13790 13793 13888 }
}
