state = {
	id = 257
	name = "STATE_257"
	manpower = 5838273

	state_category = large_city

	provinces = {
		135 139 153 172 208 293 366 419 440 661 693 766 820 838 865 928 1009 1029 1055 1159 1186 1192 1237 1338 1365 1384 1457 1508 1522 1545 1574 1599 1700 1703 1758 1936 1956 2012 2049 2122 2189 2196 2238 2253 2267 2274 2276 2393 2434 2447 2454 2479 2483 2495 2554 2645 2935 2997 3299 3322 3419 3431 3445 3480 3571 3609 3643 3689 3768 3834 3846 3868 4019 4044 4121 4268 4277 4285 4462 4480 4573 4577 4630 4666 4678 4700 4767 4788 4819 4880 4940 4954 4955 5027 5099 5163 5195 5247 5262 5422 5460 5497 5582 5588 5598 5609 5617 5633 5640 5684 5712 5713 5886 5915 5920 5978 5984 6043 6048 6051 6086 6131 6150 6151 6198 6210 6243 6263 6268 6294 6405 6521 6533 6539 6541 6565 6567 6587 6650 6652 6676 6679 6739 6751 6779 6823 6847 6851 6863 6905 6909 7012 7144 7146 7151 7250 7256 7258 7317 7406 7607 7611 7652 7701 7730 7746 7810 7812 7856 7875 7915 7923 7936 7969 7974 8036 8094 8163 8167 8169 8200 8208 8209 8304 8481 8496 8541 8594 8672 8673 8747 8768 8846 8857 8982 9007 9017 9036 9154 9167 9196 9202 9275 9301 9337 9438 9452 9485 9490 9534 9554 9572 9576 9585 9650 9687 9695 9708 9714 9746 9834 9862 9918 9924 10055 10068 10106 10125 10141 10147 10171 10183 10253 10281 10299 10331 10440 10450 10487 10615 10670 10677 10776 10926 10942 10948 10992 11065 11102 11120 11132 11187 11203 11321 11338 11432 11531 11570 11751 11754 11781 11800 11893 11976 12071 12076 12125 12145 12157 12161 12305 12335 12398 12432 12481 12485 12526 12542 12559 12563 12565 12584 12622 12677 12717 12801 12898 12919 12932 16320 16362 16372 16399 16400 16402 16411 16442 16449 16465 16470 16481 16483 16486 16531 16542 16543 16544 16548 16559 16582 16585 16592 16609 16614 16615 16636 16642 16649 16652 16654 16657 16667 16670 16681 16686 16700 16711 16713 16731 16733 16741 16743 16746 16749 16757 16765 16767 16768 16776 16778 16779 16781 16782 16790 16791 16801 16802 16808 16818 16823 16826 16829 16830 16837 16838 16851 16862 16863 16883 16898 16899 16902 16905 16909 16913 16921 16926 16940 16946 16949 16959 16963 16968 16971 16981 17009 17011 17012 17017 17052 17061 17062 17068 17079 17104 17105 17111 17114 17137 17138 17149 17154 17173 17192 17883 17951 18074 18077 18078 18087 18088 18090 18097 18103 18106 18108 18110 18114 18116 18822 18823 18824 18825 18826 18827 18828 18932 19053 19054 19129 
	}

	resources = {
		oil = 3
		gas = 180
		aluminium = 16
		steel = 73
	}

	history = {
		owner = RUS
		
		victory_points = { 766 21 }
		victory_points = { 1029 15 }
		victory_points = { 1159 4 }
		victory_points = { 2645 31 }
		victory_points = { 2935 15 }
		victory_points = { 3431 15 }
		victory_points = { 4019 40 }
		victory_points = { 4121 17 }
		victory_points = { 4630 22 }
		victory_points = { 5609 11 }
		victory_points = { 6587 50 }
		victory_points = { 7146 11 }
		victory_points = { 7969 18 }
		victory_points = { 8036 13 }
		victory_points = { 8169 12 }
		victory_points = { 10253 19 }
		victory_points = { 10281 12 }
		victory_points = { 12161 373 }
		victory_points = { 12801 5 }
		victory_points = { 12919 5 }
		victory_points = { 16749 12 }
		victory_points = { 16823 14 }
		victory_points = { 16902 20 }
		victory_points = { 17149 40 }
		victory_points = { 18932 10 }
		
		buildings = {
			infrastructure = 2
			industrial_complex = 3
			arms_factory = 4
			dockyard = 8
			air_base = 3
			radar_station = 2
			anti_air_building = 3
			ammunition_silo = 4

			1237 = { naval_base = 3 }
			2935 = { naval_base = 2 }
			6587 = { naval_base = 4 }
			12919 = { naval_base = 3 }
			17149 = { naval_base = 2 }
		}
		
		add_core_of = RUS
	}

}
