state = {
	id = 26
	name = "STATE_26"
	manpower = 783552

	state_category = large_town

	resources = {
		chromium = 726
	}

	history = {
		owner = RUS
		
		victory_points = { 8987 8 }
		
		buildings = {
			infrastructure = 2
			industrial_complex = 4
			arms_factory = 4
			anti_air_building = 3
		}
		
		add_core_of = RUS
	}

	provinces = {
		134 340 372 437 734 776 916 954 974 1306 1492 1581 1656 1749 1792 1927 2074 2521 2560 2618 2757 2812 2927 2961 3000 3252 3281 3366 3386 3418 3451 3533 3543 3554 3624 3743 3749 3752 3802 3806 3829 3863 3978 4016 4064 4157 4205 4468 4811 4891 4913 5117 5140 5166 5169 5178 5184 5666 5856 5970 5981 6041 6142 6338 6358 6375 6440 6532 6551 6606 6786 6894 6980 7201 7296 7503 7617 7648 7656 7721 7740 7782 7895 7905 7910 7981 8089 8143 8166 8172 8225 8246 8324 8361 8413 8531 8568 8661 8739 8756 8833 8858 8871 8872 8875 8987 9140 9145 9172 9251 9403 9962 10052 10170 10251 10254 10294 10395 10412 10431 10494 10549 10628 10656 10882 11007 11043 11176 11287 11367 11375 11584 11623 11669 11696 11708 11796 11934 12105 12182 12363 12804 12833 12929 13255 13258 13275 13303 13325 13330 13331 13342 13372 13382 13394 13414 13417 13444 13449 13451 13460 13462 13470 13474 13476 13477 13483 13490 13504 13511 13517 13522 13532 13533 13540 13545 13547 13548 13549 13551 13562 13570 13571 13586 13604 13609 13616 13624 13627 13641 13645 13666 13674 13691 13708 13719 
	}

}
