state = { 
	id = 281 
	name = "STATE_281" 
	manpower = 2907593 
	
	state_category = city 
	
	resources = { 
		oil = 3 
		gas = 246 
		steel = 6 
		rubber = 6 
	} 
	history = { 
		owner = RUS 
		
		victory_points = { 3684 11 }
		victory_points = { 8526 50 }
		victory_points = { 8755 2 }
		victory_points = { 9217 14 }
		victory_points = { 11143 17 }
		victory_points = { 16937 12 }
		victory_points = { 17067 28 }
		
		buildings = { 
			electrical_substation = 8 
			electrical_substation_big = 7 
			infrastructure = 2 
			industrial_complex = 5 
			arms_factory = 6 
			anti_air_building = 3 
			air_base = 2 
			ammunition_silo = 1 
			synthetic_refinery = 3 
			thermal_power_plant = 21 
			wind_power_plant = 17 
			solar_power_plant = 11 
		}
		
		add_core_of = RUS 
	}
	provinces = { 82 109 151 227 252 299 414 445 458 667 904 1080 1133 1259 1464 1520 1626 1762 1797 1884 1944 2002 2008 2053 2078 2204 2207 2430 2460 2544 2644 2836 3074 3081 3117 3306 3330 3368 3504 3588 3644 3668 3684 3778 3801 3983 4033 4366 4385 4422 4427 4429 4618 4712 4844 4933 4977 4997 5017 5050 5087 5100 5137 5214 5258 5269 5271 5305 5339 5340 5369 5375 5379 5489 5595 5797 5904 6154 6477 6505 6773 6855 6959 7001 7084 7192 7293 7374 7548 7615 7681 7813 7967 8131 8240 8272 8315 8340 8341 8380 8382 8400 8526 8571 8599 8755 8807 8935 8948 9168 9208 9213 9217 9424 9503 9596 9627 9634 9709 9752 9907 10093 10150 10177 10263 10413 10420 10491 10599 10795 10985 11143 11195 11284 11312 11317 11389 11447 11485 11494 11516 11557 11565 11641 11656 11666 11811 11935 11945 11954 12033 12061 12166 12220 12274 12276 12378 12409 12528 12540 12625 12899 15118 16565 16604 16627 16631 16638 16643 16663 16671 16677 16683 16707 16709 16734 16758 16773 16839 16865 16870 16878 16886 16897 16906 16915 16924 16935 16937 16942 16955 16974 16978 16979 16985 16987 17006 17007 17013 17024 17027 17033 17051 17053 17063 17067 17070 17071 17083 17084 17086 17088 18109 18112 18113 18119 18861 }
}
