state = {
    id = 34
    name = "STATE_34"
    manpower = 1000109

    state_category = city

    resources = {
        oil = 723
        gas = 69
    }

    history = {
        owner = RUS
        
        victory_points = { 13981 12 }
        victory_points = { 9729 50 }
        
        buildings = {
            infrastructure = 2
            industrial_complex = 7
            arms_factory = 4
            anti_air_building = 3
        }
        
        add_core_of = RUS
    }

    provinces = {
        3 25 165 203 221 399 462 478 534 696 761 770 956 963 1068 1110 1161 1258 1469 1490 1531 1544 1565 1614 1690 1914 2111 2160 2354 2474 2721 2880 3009 3160 3231 3280 3415 3428 3527 3557 3658 3702 3820 3821 3864 3865 3903 3955 4045 4129 4216 4224 4283 4481 4656 4673 4790 4918 4935 4972 5025 5129 5136 5318 5361 5386 5602 5919 5974 6044 6085 6247 6298 6314 6315 6412 6502 6602 6661 6766 6807 7304 7333 7369 7456 7472 7554 7605 7629 7710 8142 8269 8314 8357 8363 8408 8529 8633 8704 8711 8800 8843 8944 8998 9018 9236 9411 9460 9506 9573 9574 9584 9647 9659 9682 9729 9802 9882 9915 10003 10029 10207 10220 10289 10362 10369 10372 10435 10663 10761 10949 10994 11031 11066 11307 11413 11629 11890 11905 11926 12066 12184 12211 12306 12388 12604 12746 12775 12853 13404 13433 13439 13453 13494 13505 13506 13587 13592 13612 13617 13622 13649 13652 13657 13661 13675 13701 13705 13709 13728 13747 13776 13829 13832 13860 13864 13930 13944 13948 13961 13963 13981 14005 14022 14026 14037 14047 14062 14074 14092 14097 14099 14107 14153 
    }

}
