state = {
    id = 344
    name = "STATE_344"
    manpower = 1128055

    state_category = city

    history = {
        owner = RUS
        
        victory_points = { 14121 15 }
        
        buildings = {
            infrastructure = 1
            industrial_complex = 5
            arms_factory = 3
            anti_air_building = 3
        }
        
        add_core_of = RUS
    }

    provinces = {
        19 36 98 114 255 282 382 678 712 861 902 973 1064 1135 1231 1240 1244 1377 1416 1570 1636 1671 1764 1774 1783 1806 1867 1877 2143 2222 2328 2351 2405 2445 2577 2772 2799 2843 2866 3037 3087 3185 3241 3305 3621 3670 3742 3839 3887 3923 4046 4346 4362 4445 4522 4571 4685 4752 4959 5057 5218 5240 5251 5376 5423 5443 5518 5639 5686 5905 5933 5952 6073 6124 6159 6601 6862 6895 6947 7013 7021 7052 7100 7457 7458 7489 7748 7786 7850 7930 7975 7980 8150 8257 8566 8681 8777 8795 8826 8985 9053 9176 9306 9439 9591 9660 9690 9763 9783 9980 10072 10172 10193 10226 10258 10288 10290 10488 10520 10541 10710 10803 10829 10837 10902 10961 11028 11068 11070 11081 11204 11355 11444 11448 11477 11657 11676 11732 11776 11786 11809 11848 11865 11986 12047 12072 12143 12344 12405 12418 12507 12519 12536 12593 12660 12732 12923 13700 13725 13757 13763 13819 13821 13858 13870 13873 13894 13897 13898 13901 13909 13910 13929 13943 13979 13997 14004 14006 14021 14030 14043 14060 14061 14078 14083 14090 14094 14095 14116 14121 14124 14125 14126 14134 14143 14149 14152 14183 14184 14190 14192 14205 14227 14240 14241 18024 
    }

}
