state = { 
	id = 351 
	name = "STATE_351" 
	manpower = 1465755 
	
	state_category = town 
	buildings_max_level_factor = 0.9 
	history = { 
		owner = BLR 
		
		buildings = { 
			electrical_substation = 6 
			electrical_substation_big = 2 
			infrastructure = 4 
			industrial_complex = 2 
			arms_factory = 4 
			air_base = 2 
			anti_air_building = 3 
			radar_station = 3 
			ammunition_silo = 1 
			thermal_power_plant = 9 
		}
		
		add_core_of = BLR 
	}
	provinces = { 20 22 35 47 59 61 74 77 141 175 244 258 312 431 441 464 497 522 567 656 668 740 831 844 872 880 982 1054 1129 1199 1243 1386 1450 1455 1505 1579 1597 1718 1765 1848 1849 1928 2029 2123 2146 2178 2286 2400 2520 2583 2621 2629 2811 2822 2827 2858 2885 2993 3047 3163 3191 3327 3339 3371 3384 3385 3502 3528 3536 3592 3659 3685 3825 3873 3910 3934 4000 4063 4242 4265 4321 4327 4335 4488 4729 4783 4826 4919 4943 5091 5095 5150 5186 5243 5267 5272 5295 5344 5540 5541 5652 5668 5766 5826 5976 6056 6079 6447 6490 6604 6635 6683 6718 6948 6985 7027 7163 7223 7277 7300 7459 7497 7499 7542 7647 7775 7797 7816 7900 7943 8001 8011 8057 8162 8199 8351 8441 8534 8574 8674 8770 8774 8867 8933 9009 9027 9133 9177 9181 9387 9456 9565 9671 9691 9782 9787 9795 9833 9837 9841 9864 9932 9991 10038 10078 10113 10129 10211 10270 10296 10349 10373 10515 10556 10694 10731 10759 10773 10807 11088 11183 11186 11189 11199 11394 11456 11498 11511 11556 11673 11748 11837 11868 11916 12051 12087 12088 12136 12295 12345 12369 12477 12521 12888 12892 12931 13291 13307 13310 13321 13329 13334 13371 13377 13396 13419 13428 13434 13441 13445 13446 13455 13468 13473 13492 13496 13514 13526 13531 13560 13567 13569 13576 13579 13581 13588 13598 13601 13602 13611 13613 13623 13625 13631 13632 13636 13679 13707 13718 13729 13735 13738 13746 13751 13754 13778 13784 13795 13800 13804 13805 13810 13834 13835 13866 13876 13877 13882 13925 13942 13957 13977 13985 13987 13993 13999 14016 14035 14046 14053 14084 14130 14131 14157 14163 14178 14214 18000 18003 18008 18009 18010 18021 18026 18027 18030 }
}
