state = { 
	id = 36 
	name = "STATE_36" 
	manpower = 1000845 
	
	state_category = large_town 
	
	resources = { 
		steel = 4 
		rubber = 16 
	} 
	history = { 
		owner = BLR 
		
		victory_points = { 11764 50 }
		victory_points = { 13626 7 }
		
		buildings = { 
			electrical_substation = 7 
			infrastructure = 2 
			air_base = 1 
			anti_air_building = 1 
			arms_factory = 2 
			industrial_complex = 4 
			ammunition_silo = 1 
			thermal_power_plant = 3 
		}
		
		add_core_of = BLR 
	}
	provinces = { 60 268 465 504 617 719 730 817 922 965 1002 1044 1296 1330 1413 1467 1635 1657 1694 1737 1872 1981 2131 2132 2345 2480 2755 2758 2816 2818 2860 2899 2964 2969 3072 3093 3101 3137 3284 3289 3604 3699 3815 3879 4050 4125 4401 4413 4473 4639 4718 4846 4866 4946 5043 5084 5173 5230 5278 5307 5380 5447 5514 5529 5744 5777 5807 6017 6038 6309 6414 6517 6562 6594 6685 6748 6859 6917 6998 7260 7313 7404 7526 7565 7587 7679 7741 7788 7796 7842 7898 8021 8071 8107 8112 8525 8581 8688 8761 8769 8772 8801 8928 9070 9141 9149 9223 9284 9407 9455 9483 9592 9602 9626 9735 9883 9899 10021 10243 10252 10286 10319 10321 10380 10438 10448 10576 10701 10707 10724 10843 11026 11109 11234 11454 11704 11736 11764 11769 11854 12149 12259 12703 12721 12731 12807 12924 13498 13519 13546 13561 13568 13577 13591 13606 13614 13626 13638 13639 13662 13665 13667 13690 13692 13697 13733 13741 13760 13767 13775 13785 13789 13802 13806 13811 13815 13823 13827 13840 13848 13851 13854 13867 13869 13871 13879 13884 13885 13887 13918 13921 13953 13964 13967 13971 14012 14017 14054 14059 14082 14113 18023 }
}
