state = { 
	id = 39 
	name = "STATE_39" 
	manpower = 1125805 
	
	state_category = large_town 
	
	resources = { oil = 132 } 
	history = { 
		owner = RUS 
		
		victory_points = { 196 13 }
		victory_points = { 213 3 }
		victory_points = { 920 15 }
		victory_points = { 1512 3 }
		victory_points = { 1940 3 }
		victory_points = { 2640 3 }
		victory_points = { 2772 3 }
		victory_points = { 5808 3 }
		victory_points = { 5864 9 }
		victory_points = { 6146 3 }
		victory_points = { 7286 11 }
		victory_points = { 7684 12 }
		victory_points = { 8177 10 }
		victory_points = { 9182 3 }
		victory_points = { 9210 15 }
		victory_points = { 9472 3 }
		victory_points = { 9891 12 }
		victory_points = { 9954 15 }
		victory_points = { 11041 1 }
		victory_points = { 11404 12 }
		victory_points = { 11859 15 }
		victory_points = { 11897 100 }
		victory_points = { 12218 7 }
		victory_points = { 12228 15 }
		victory_points = { 12550 14 }
		victory_points = { 12580 15 }
		victory_points = { 13833 15 }
		victory_points = { 14120 15 }
		victory_points = { 14185 14 }
		
		buildings = { 
			electrical_substation_big = 1 
			electrical_substation = 2 
			infrastructure = 3 
			electronic_factory = 1 
			industrial_complex = 2 
			arms_factory = 5 
			air_base = 3 
			anti_air_building = 2 
			radar_station = 1 
			rocket_site = 1 
			ammunition_silo = 1 
		}
		
		add_core_of = RUS 
	}
	provinces = { 36 123 144 158 196 213 335 400 401 446 466 467 565 624 631 664 718 754 779 786 847 848 920 927 971 990 1001 1064 1203 1270 1294 1303 1333 1394 1412 1466 1483 1512 1566 1584 1722 1801 1856 1893 1910 1940 1958 2041 2080 2094 2153 2190 2288 2351 2391 2559 2585 2640 2663 2689 2705 2717 2772 2798 2857 2893 2915 2942 2954 3013 3020 3021 3038 3082 3156 3249 3308 3405 3406 3410 3474 3477 3517 3532 3548 3550 3575 3579 3595 3603 3670 3677 3785 3904 4055 4062 4096 4119 4143 4152 4161 4269 4278 4284 4303 4388 4421 4433 4467 4571 4716 4782 4795 4809 4830 4836 4904 4935 5029 5041 5088 5120 5148 5172 5219 5251 5312 5346 5386 5469 5515 5528 5592 5597 5622 5624 5701 5808 5821 5822 5853 5860 5864 5916 5929 5945 6096 6146 6172 6264 6352 6454 6552 6585 6655 6690 6695 6707 6710 6753 6785 6906 6910 6926 6931 6951 6952 7000 7071 7138 7143 7155 7182 7199 7202 7286 7396 7425 7435 7462 7511 7590 7684 7693 7704 7859 7914 7930 7971 7985 8037 8075 8140 8177 8253 8280 8349 8353 8514 8530 8596 8644 8820 8868 8903 8918 8967 9126 9147 9160 9182 9204 9205 9210 9324 9343 9361 9434 9458 9462 9472 9501 9531 9542 9612 9615 9644 9690 9776 9780 9808 9819 9852 9860 9868 9888 9891 9954 9960 10040 10045 10292 10337 10370 10512 10516 10544 10634 10664 10673 10692 10741 10835 10875 10886 10925 10951 11041 11052 11193 11258 11271 11279 11335 11368 11371 11404 11449 11561 11598 11604 11621 11709 11715 11749 11774 11782 11786 11801 11859 11897 11908 11928 11929 11952 12020 12029 12091 12205 12218 12228 12404 12422 12482 12505 12522 12550 12551 12580 12594 12608 12658 12729 12770 12776 12791 12841 12861 12876 12920 13702 13705 13724 13739 13781 13812 13830 13833 13845 13881 13891 13922 13923 13938 13954 13962 13994 14000 14001 14018 14023 14028 14029 14041 14064 14069 14081 14086 14096 14098 14104 14112 14120 14127 14133 14145 14148 14154 14168 14180 14185 14186 14197 14203 14207 14221 14233 14237 14262 14264 14283 14319 14323 14339 14353 14375 14428 14465 14511 14525 14560 14627 14632 14690 14691 14838 15490 15600 15605 15673 15730 15755 15827 16037 16039 16062 16078 16111 16124 16146 16204 16270 16324 16621 16673 16737 16752 16819 16832 16869 16877 16884 16900 16941 16944 16948 16960 16988 17050 17126 17181 17316 18028 18771 18911 18912 18913 18916 }
}
