state={
	id=40
	name="STATE_40"
	history = {
		owner = RUS
		add_core_of = RUS
		victory_points = {
			105 19
		}
	buildings = {
            infrastructure = 2
            industrial_complex = 4
	    arms_factory = 2
        }
	}
	provinces={
		1 105 423 751 857 895 1232 1585 1818 1851 2260 2302 2569 2587 2717 2732 2952 3011 3043 3197 3524 3755 3830 3866 4728 4802 4876 4902 5008 5498 5531 5546 5607 6158 6193 6234 6275 6310 6634 6765 6968 7094 7237 7308 7314 7640 7654 7966 8238 8347 8472 8479 8699 8741 8879 9142 9457 9768 9965 10396 10505 11347 11465 11539 11746 11895 11901 11913 12026 12223 12461 13680 13693 13740 13756 13783 13799 13801 13820 13828 13831 13846 13874 13878 13900 13907 13935 13939 13941 13947 13969 13970 13991 14014 14024 14091 
	}
	buildings_max_level_factor=1.000
	manpower=138293
	state_category = town
}
