state = {
	id = 43
	name = "STATE_43"
	manpower = 982991

	state_category = large_town

	provinces = {
		23 69 97 270 351 545 783 784 805 894 991 1139 1203 1222 1256 1344 1406 1440 1444 1552 1603 1715 2098 2200 2306 2500 2616 2650 2680 2886 3075 3152 3159 3168 3218 3219 3257 3390 3518 3538 3565 3619 3705 3707 3733 3880 4037 4040 4065 4200 4342 4444 4490 4578 4971 4976 5009 5045 5097 5114 5204 5321 5366 5485 5506 5737 5770 5943 5957 6009 6022 6095 6184 6191 6258 6422 6540 6561 6651 6726 6732 6758 6802 7002 7221 7232 7272 7295 7325 7343 7467 7597 7633 7645 7650 7738 7785 7963 8014 8022 8049 8054 8055 8220 8268 8306 8374 8389 8709 8780 8782 8799 8844 8930 9081 9231 9286 9310 9319 9410 9427 9631 9678 9704 9865 9903 9920 10000 10026 10102 10260 10314 10339 10345 10537 10548 10639 10721 10751 10793 10879 10913 10943 10973 11019 11052 11354 11451 11637 11671 11760 11867 12001 12046 12187 12241 12360 12412 12541 12631 12683 12705 12741 13803 13808 13838 13841 13893 13955 13995 14003 14034 14036 14042 14063 14087 14115 14128 14139 14165 14166 14189 14195 14204 14217 14226 14229 14234 14243 14252 14265 14266 14269 14270 14304 14311 14325 14332 14361 14362 14385 14410 14416 14423 14457 14458 14469 14494 14502 14535 
	}

	resources = {
		steel = 7
		rubber = 4
	}

	history = {
		owner = RUS
		
		victory_points = { 9231 6 }
		
		buildings = {
			infrastructure = 3
			industrial_complex = 4
			arms_factory = 4
			air_base = 1
			anti_air_building = 2
			radar_station = 1
			ammunition_plant = 1
			ammunition_silo = 1
		}
		
		add_core_of = RUS
	}

}
