state = { 
	id = 46 
	name = "STATE_46" 
	manpower = 713374 
	
	state_category = large_town 
	history = { 
		owner = RUS 
		
		victory_points = { 1400 4 }
		victory_points = { 8028 25 }
		victory_points = { 9028 4 }
		victory_points = { 9683 6 }
		
		buildings = { 
			electrical_substation = 6 
			infrastructure = 3 
			industrial_complex = 2 
			arms_factory = 3 
			radar_station = 1 
			anti_air_building = 2 
			air_base = 2 
			ammunition_silo = 1 
			synthetic_refinery = 1 
			thermal_power_plant = 2 
		}
		
		add_core_of = RUS 
	}
	provinces = { 204 397 510 732 834 846 852 1008 1116 1179 1234 1290 1321 1392 1400 1541 1550 1558 1580 1587 1665 1691 1717 2040 2247 2291 2327 2330 2519 2607 2714 2743 2972 3069 3071 3139 3262 3678 3765 3798 3871 3883 4069 4175 4215 4345 4509 4686 4705 4770 4871 5037 5061 5176 5212 5357 5526 5785 5906 5959 6006 6279 6348 6535 6613 6664 6684 6750 6784 6833 6924 7249 7382 7492 7655 7791 7996 8028 8041 8079 8345 8404 8475 8483 8504 8567 8623 8838 8951 9028 9161 9191 9226 9242 9480 9564 9579 9598 9639 9683 9803 9850 9885 9983 10140 10237 10250 10436 10480 10842 11409 11435 11468 11524 11639 11795 11876 11892 11896 11938 12139 12390 12619 12710 12727 12823 12911 13817 13872 13920 13926 13974 13988 13990 13996 14065 14070 14109 14135 14136 14142 14150 14160 14164 14167 14199 14200 14210 14219 14236 14238 14239 14251 14256 14258 14288 14309 14324 14331 14333 14337 14348 14369 16550 16630 }
}
