state = {
	id = 47
	name = "STATE_47"
	manpower = 1143224

	state_category = large_town

	provinces = {
		158 261 335 503 515 1071 1076 1088 1213 1411 1461 1549 1555 1595 1730 1770 1814 2235 2337 2339 2361 2367 2416 2701 2724 2729 2808 2864 2872 3157 3334 3618 3719 4124 4207 4333 4443 4599 4652 4658 4944 4979 5069 5093 5194 5289 5525 5680 5699 5700 5845 5918 5926 5934 6036 6204 6359 6389 6441 6458 6475 6657 6911 6918 7064 7351 7363 7470 7483 7600 7676 7848 7857 7964 8178 8587 8644 8645 9303 9334 9488 9513 9599 9630 9640 9813 10028 10034 10039 10210 10234 10382 10437 10516 10566 10655 10774 10817 10907 10910 10955 11024 11076 11205 11250 11254 11279 11370 11604 11635 11917 11923 11975 11985 12190 12341 12372 12621 12909 13836 13850 13880 13892 13916 13924 13928 13960 13978 14002 14033 14038 14052 14055 14101 14105 14110 14114 14123 14147 14151 14187 14207 14233 14267 14268 14272 14284 14295 14301 14310 14339 14349 14373 14389 14391 14394 14411 14427 14429 18034 
	}

	resources = {
		steel = 63
	}

	history = {
		owner = RUS
		
		victory_points = { 4652 7 }
		victory_points = { 6359 150 }
		
		buildings = {
			infrastructure = 3
			industrial_complex = 3
			arms_factory = 4
			anti_air_building = 3
			radar_station = 1
			air_base = 3
			ammunition_plant = 1
			ammunition_silo = 1
		}
		
		add_core_of = RUS
	}

}
