state = {
	id = 48
	name = "STATE_48"
	manpower = 5385840

	state_category = metropolis

	provinces = {
		12 15 43 170 263 265 275 365 429 509 540 544 777 813 851 901 926 933 1084 1149 1289 1352 1387 1414 1479 1497 1503 1637 1729 1742 1743 1760 1950 2059 2060 2081 2256 2414 2428 2456 2916 3006 3111 3142 3155 3374 3572 3620 3708 3735 3745 3896 3918 3952 3995 4006 4079 4180 4274 4307 4311 4406 4562 4677 4704 4720 4861 4916 4945 5033 5082 5085 5207 5297 5393 5480 5551 5688 5745 5778 5896 6040 6120 6169 6307 6331 6439 6518 6571 6597 6647 6746 6798 6799 6949 6989 6995 7176 7187 7271 7276 7338 7438 7566 7583 7649 7747 7920 7955 8043 8115 8159 8247 8297 8463 8583 8612 8631 8636 8707 8719 8748 8909 9109 9129 9253 9266 9291 9355 9364 9365 9514 9518 9620 9680 9700 9966 9975 10103 10248 10325 10398 10489 10509 10554 10744 10812 10855 10863 11009 11033 11196 11244 11245 11259 11536 11543 11651 11825 11863 11939 12037 12056 12173 12217 12261 12311 12370 12440 12506 12560 12676 12698 12757 12820 12835 12850 12889 12903 13913 13952 13976 13989 14009 14013 14019 14093 14106 14117 14118 14119 14138 14156 14169 14194 14198 14202 14222 14223 14224 14231 14235 14246 14247 14248 14249 14275 14287 14289 14305 14314 14317 14330 14354 14356 14372 14395 14417 14418 14420 14467 14468 14500 14527 14533 14568 14570 14573 14613 14616 14621 14659 14673 14757 18036 
	}

	history = {
		owner = POL
		
		victory_points = { 10554 50 }
		
		buildings = {
			infrastructure = 5
			arms_factory = 2
			industrial_complex = 15
			air_base = 2
			anti_air_building = 5
			ammunition_silo = 1
		}
		
		add_core_of = POL
	}

}
