state = { 
	id = 50 
	name = "STATE_50" 
	manpower = 1335418 
	
	state_category = city 
	
	resources = { 
		oil = 27 
		steel = 12 
		rubber = 21 
	} 
	history = { 
		owner = BLR 
		
		victory_points = { 1281 1 }
		victory_points = { 1955 7 }
		victory_points = { 2794 50 }
		victory_points = { 11108 50 }
		
		buildings = { 
			electrical_substation = 5 
			electrical_substation_big = 1 
			infrastructure = 5 
			air_base = 2 
			arms_factory = 3 
			industrial_complex = 7 
			anti_air_building = 2 
			radar_station = 1 
			ammunition_silo = 1 
			thermal_power_plant = 5 
			solar_power_plant = 7 
			synthetic_refinery = 2 
			fuel_silo = 3 
			rocket_site = 1 
		}
		
		add_core_of = BLR 
	}
	provinces = { 10 146 180 271 394 430 574 593 606 682 759 806 977 1000 1045 1054 1095 1214 1251 1281 1308 1315 1351 1391 1424 1446 1485 1575 1634 1663 1711 1740 1836 1865 1880 1905 1955 1990 2149 2411 2412 2431 2535 2538 2768 2794 2929 3025 3098 3172 3210 3373 3389 3412 3464 3471 3483 3583 3660 3714 3721 3783 3791 3818 3828 3844 3885 3889 3915 4038 4074 4107 4146 4275 4426 4445 4446 4614 4643 4697 4725 4780 4814 4841 4853 4963 5209 5329 5336 5377 5416 5418 5566 5638 5783 5784 5849 5990 6081 6139 6149 6155 6244 6311 6411 6417 6448 6467 6649 6678 6704 6900 6978 6988 7110 7120 7197 7345 7362 7441 7539 7677 7783 7841 7849 7957 8039 8072 8226 8396 8412 8451 8559 8705 8764 8845 9029 9030 9103 9171 9186 9207 9249 9279 9325 9372 9373 9395 9416 9444 9474 9526 9760 9807 9821 9926 10060 10073 10174 10245 10255 10323 10462 10469 10496 10511 10606 10624 10820 10898 10919 10941 10962 11001 11032 11108 11111 11217 11222 11240 11344 11425 11471 11622 11640 11712 11870 11953 12055 12134 12202 12327 12342 12368 12503 12520 12566 12595 12664 12759 12812 12863 12894 12895 13169 13910 13932 13937 14007 14008 14040 14050 14051 14068 14073 14080 14085 14089 14102 14103 14122 14125 14129 14132 14158 14172 14173 14175 14182 14191 14201 14211 14215 14218 14220 14225 14255 14277 14285 14292 14293 14302 14306 14328 14358 14363 14368 14382 14383 14387 14404 14409 14421 14434 14453 14454 14483 14501 14529 14537 14541 14576 14625 14626 14660 15421 15461 15549 15607 15627 16172 16563 18037 18231 18254 18255 18256 18257 18258 18259 18260 18261 19216 19217 19218 19219 19260 19261 19263 19264 19265 19266 19268 19269 19270 19271 19272 19273 19274 19275 19308 19309 19310 19311 19312 19313 19314 19315 19316 19317 19318 19319 19407 19408 19409 19410 19411 19412 19413 19414 19415 19416 19417 19418 19419 19420 19421 19422 19423 19424 19425 19426 20829 20830 20831 20832 20833 20834 20835 20836 20837 20845 20846 20847 20848 20849 20850 20851 20853 20854 20917 20918 20919 20920 20921 20922 20930 20931 20940 20941 20942 20943 20944 20945 20946 20947 20948 20949 20950 20951 20952 20953 20954 20955 20956 20957 20959 20960 21349 21350 21351 21352 21353 21354 21355 21356 21357 21358 21359 21360 21361 21575 21576 21577 21578 21579 21580 21581 21582 21583 21584 21585 21586 21587 21588 21589 21590 21591 21592 21593 21594 21595 21596 21597 21598 21599 21600 21601 21602 21603 21604 21605 21606 21607 21608 21609 21610 21611 21612 21613 21614 21615 21616 21617 21618 21619 }
}
