state = {
	id = 52
	name = "STATE_52"
	manpower = 2442575

	state_category = city

	resources = {
		oil = 6
	}

	history = {
		owner = RUS
		
		victory_points = { 8959 3 }
		victory_points = { 12907 50 }
		
		buildings = {
			infrastructure = 3
			industrial_complex = 9
			arms_factory = 1
			nuclear_reactor = 1
			air_base = 2
			radar_station = 2
			anti_air_building = 3
		}
		
		add_core_of = RUS
	}

	provinces = {
		29 71 76 83 89 154 188 246 284 338 369 378 507 548 566 581 614 648 739 803 910 947 987 992 1004 1061 1092 1095 1233 1271 1382 1383 1622 1667 1723 1766 1811 1825 1828 1895 1916 1970 2047 2066 2271 2301 2372 2399 2461 2487 2543 2565 2620 2630 2712 2735 2751 2857 2887 2913 2971 3024 3059 3078 3220 3242 3251 3398 3416 3458 3483 3535 3574 3623 3666 3963 4032 4067 4123 4177 4483 4519 4554 4620 4675 4710 4768 4813 5034 5164 5224 5415 5459 5510 5527 5572 5612 5723 5753 5805 5931 5963 5965 5971 5996 6003 6046 6061 6068 6122 6265 6278 6300 6386 6391 6459 6466 6472 6476 6506 6550 6555 6628 6701 6767 6800 6840 6937 7032 7107 7189 7384 7390 7434 7449 7477 7479 7575 7604 7641 7651 7690 7737 7783 7802 7870 7886 7892 7978 8051 8068 8078 8097 8105 8185 8204 8221 8313 8426 8564 8598 8666 8716 8718 8723 8897 8959 8990 9023 9042 9195 9244 9280 9295 9380 9392 9406 9415 9422 9496 9511 9519 9541 9593 9611 9619 9800 9804 9818 9848 9909 10014 10063 10065 10176 10179 10182 10353 10406 10483 10519 10524 10560 10631 10661 10693 10735 10769 10780 10824 10838 10872 10940 10970 10980 11017 11097 11103 11146 11151 11206 11282 11293 11323 11366 11416 11458 11462 11519 11526 11534 11586 11691 11697 11738 11756 12005 12102 12226 12237 12248 12262 12267 12287 12300 12352 12364 12366 12368 12376 12385 12512 12578 12612 12809 12839 12848 12907 14137 14159 14188 14216 14259 14260 14271 14273 14278 14279 14299 14300 14313 14316 14322 14329 14334 14338 14343 14344 14350 14370 14379 14380 14396 14397 14398 14401 14415 14422 14424 14425 14431 14432 14437 14438 14440 14442 14449 14473 14474 14476 14484 14493 14495 14496 14497 14503 14507 14509 14512 14516 14517 14520 14536 14556 14557 14567 14580 14592 14593 14597 14612 14641 14651 14658 14662 14694 14715 14746 14777 14795 14823 14881 14926 19281 19282 19283 19284 19285 19286 19287 19288 19289 19290 19462 19463 
	}

}
