state = {
	id = 55
	name = "STATE_55"
	manpower = 2453700

	state_category = metropolis

	provinces = {
		31 184 384 476 519 560 791 1122 1131 1190 1327 1452 1542 1652 1734 1819 1949 2108 2129 2239 2363 2364 2435 2541 2552 2789 2793 2853 3027 3094 3222 3877 3917 3971 4031 4135 4929 4932 4938 4985 5062 5102 5146 5288 5389 5397 5424 5936 6659 6804 6818 6832 7265 7269 7804 7881 8074 8570 8724 8744 8942 8943 9153 9219 9296 9484 9508 9621 10095 10164 10347 10493 10499 10583 10642 10805 11122 11128 11169 11211 11265 11450 11579 11596 11752 11925 12073 12189 12192 12613 12722 12737 12779 14371 14381 14402 14463 14477 14480 14499 14551 14579 14617 14633 14634 14636 14642 14669 14684 14685 14717 14735 14741 14767 18040 18044 
	}

	history = {
		owner = POL
		
		victory_points = { 1190 33 }
		victory_points = { 4929 10 }
		
		buildings = {
			infrastructure = 3
			arms_factory = 4
			industrial_complex = 5
			air_base = 1
			anti_air_building = 2
		}
		
		add_core_of = POL
	}

}
