state = { 
	id = 61 
	name = "STATE_61" 
	manpower = 2294955 
	
	state_category = large_city 
	
	resources = { 
		steel = 39 
		rubber = 12 
	} 
	history = { 
		owner = RUS 
		
		victory_points = { 3010 10 }
		victory_points = { 4423 16 }
		victory_points = { 4501 7 }
		victory_points = { 9227 300 }
		
		buildings = { 
			electrical_substation = 5 
			electrical_substation_big = 6 
			infrastructure = 3 
			industrial_complex = 9 
			arms_factory = 4 
			air_base = 3 
			anti_air_building = 3 
			radar_station = 2 
			nuclear_power_plant = 4 
			ammunition_silo = 2 
			synthetic_refinery = 1 
			thermal_power_plant = 2 
			rocket_site = 1 
		}
		
		add_core_of = RUS 
	}
	provinces = { 7 57 68 111 327 353 443 793 842 845 879 912 950 959 983 996 1100 1112 1137 1254 1295 1310 1462 1478 1525 1591 1773 1810 1862 2021 2172 2231 2310 2395 2478 2493 2596 2690 2704 2725 2733 2782 2918 2951 2965 2984 3010 3058 3244 3272 3340 3358 3367 3466 3549 3558 3586 3797 3833 3898 3925 3958 4056 4168 4177 4181 4287 4288 4338 4423 4501 4613 4692 4771 4822 4834 4973 4994 5086 5165 5368 5378 5494 5508 5569 5631 5651 5698 5741 5802 5814 5874 5935 6138 6177 6178 6270 6350 6394 6463 6621 6631 6645 6646 6774 6817 6820 6888 6904 6945 6987 7018 7061 7181 7246 7289 7316 7430 7454 7801 7836 7839 7860 7913 7947 7956 8070 8082 8292 8354 8370 8439 8555 8620 8720 8726 8729 8793 8823 9119 9190 9194 9197 9224 9227 9248 9268 9645 9717 9831 9844 9929 9940 9950 10030 10032 10041 10180 10193 10212 10225 10327 10523 10573 10660 10700 10738 10950 10984 11027 11162 11167 11320 11336 11443 11619 11834 12174 12175 12204 12250 12289 12556 13847 14460 14466 14486 14515 14521 14530 14565 14566 14590 14591 14606 14611 14618 14637 14638 14644 14664 14668 14675 14681 14712 14724 14730 14759 14765 14797 14802 14809 14818 14829 14853 14869 14886 14963 14972 14994 14996 15033 15039 15044 15096 15126 15161 15162 15164 15183 15207 15243 15244 15254 15308 15339 15455 17953 17955 18041 18043 18046 18056 18059 }
}
