state={
	id=67
	name="STATE_67"
	history = {
		owner = UKR
		add_core_of = UKR
		victory_points = {
			7976 14
		}
	}
	provinces={
		93 103 132 538 1360 1361 1733 1747 1768 1808 1941 1947 2186 3143 3452 4298 4404 4527 5198 5503 5619 5888 6381 6444 6450 6485 6536 7171 7266 7521 7973 7976 8119 8478 8490 8515 8578 8601 8735 9093 9173 9281 9880 10115 10181 10868 10939 11059 11133 11544 11560 11726 12084 12425 12869 14610 14630 14661 14674 14688 14699 14743 14761 14786 14792 14793 14798 14832 
	}
	buildings_max_level_factor=1.000
	manpower=9714
	state_category = small_island
}
