state={
	id=70
	name="STATE_70"
	history = {
		owner = RUS
		add_core_of = RUS
	}
	provinces={
		26 118 173 198 287 355 426 438 573 607 700 748 755 984 1380 1620 1784 1973 2004 2226 2417 2488 2546 2564 2631 2655 2669 2694 2787 2985 3067 3200 3247 3367 3401 3407 3417 3566 3673 4053 4094 4108 4145 4181 4358 4411 4435 4450 4479 4511 4684 4926 5143 5317 5350 5441 5583 5635 5750 5873 6099 6296 6397 6413 6436 6729 6864 6876 7062 7168 7175 7465 7552 7580 7613 7632 7809 7901 7960 8081 8188 8335 8563 8576 8632 8655 8664 8712 8847 8851 8997 9033 9192 9285 9358 9478 9632 9658 9790 9933 10037 10079 10080 10096 10121 10217 10315 10320 10458 10500 10638 10678 10704 10888 10996 11141 11154 11224 11313 11453 11578 11771 11964 11981 12011 12123 12168 12197 12350 12394 12615 14707 14714 14719 14737 14750 14779 14780 14810 14811 14815 14826 14831 14836 14837 14844 14848 14851 14863 14872 14873 14880 14885 14890 14895 14916 14924 14930 14948 14951 14953 14959 14965 14977 14982 14985 14986 14990 15005 15011 15016 15025 15050 15054 15060 15062 15090 15093 15095 15117 15130 15136 15159 15168 15237 
	}
	buildings_max_level_factor=1.000
	manpower=4375081
	state_category = megalopolis
}
