state = {
	id = 74
	name = "STATE_74"
	manpower = 2500781

	state_category = large_city

	resources = {
		steel = 153
		rubber = 30
		aluminium = 30
	}

	history = {
		owner = RUS
		
		victory_points = { 6871 300 }
		victory_points = { 10432 14 }
		
		buildings = {
			infrastructure = 3
			industrial_complex = 7
			arms_factory = 8
			air_base = 1
			anti_air_building = 4
			radar_station = 1
		}
		
		add_core_of = RUS
	}

	provinces = {
		42 70 149 220 285 313 358 410 415 427 470 520 598 644 696 702 735 770 782 804 837 843 882 883 900 906 931 1047 1081 1085 1097 1126 1168 1178 1223 1254 1342 1363 1415 1429 1453 1502 1639 1643 1690 1693 1726 1763 1775 1803 1813 1837 1878 2001 2024 2026 2096 2114 2211 2231 2236 2243 2250 2413 2439 2501 2504 2570 2596 2686 2691 2769 2770 2850 2882 2901 2934 2987 3004 3026 3035 3058 3146 3362 3442 3470 3476 3482 3540 3606 3724 3772 3779 3809 3901 3905 3972 3990 4048 4082 4089 4093 4189 4214 4313 4323 4347 4349 4448 4464 4529 4589 4617 4674 4691 4773 4833 4936 5040 5105 5107 5131 5190 5191 5249 5252 5352 5394 5437 5450 5495 5504 5521 5535 5563 5631 5655 5676 5692 5883 5947 6042 6047 6059 6115 6223 6231 6256 6314 6323 6346 6360 6369 6431 6445 6473 6489 6496 6556 6572 6645 6764 6811 6820 6841 6842 6871 6883 6938 7076 7077 7085 7132 7135 7203 7247 7251 7297 7305 7330 7344 7372 7377 7484 7603 7695 7722 7795 7871 7878 7896 8076 8242 8299 8385 8421 8491 8492 8548 8573 8592 8593 8614 8616 8649 8653 8689 8717 8753 8767 8915 8974 9015 9052 9068 9190 9225 9229 9257 9299 9347 9348 9350 9363 9386 9535 9539 9556 9682 9733 9820 9900 9931 9957 10035 10053 10064 10133 10134 10143 10221 10283 10298 10335 10340 10343 10399 10411 10432 10455 10461 10504 10546 10632 10722 10750 10763 10845 10865 10982 11010 11123 11129 11137 11221 11248 11260 11277 11290 11359 11395 11396 11398 11439 11446 11473 11608 11654 11661 11695 11720 11733 11761 11765 11766 11874 11926 11927 11967 12039 12057 12307 12338 12397 12406 12446 12451 12464 12549 12702 12714 12766 12887 12973 14652 14744 14755 14764 14787 14794 14801 14816 14819 14820 14821 14827 14845 14852 14858 14870 14874 14875 14901 14905 14908 14912 14913 14917 14928 14929 14932 14933 14954 14960 14969 14973 14975 14984 14987 14991 14992 14995 14999 15013 15015 15019 15021 15026 15027 15029 15034 15045 15048 15055 15056 15059 15063 15069 15070 15074 15075 15076 15079 15092 15104 15105 15107 15108 15114 15125 15131 15135 15139 15145 15156 15163 15171 15181 15182 15195 15201 15211 15231 15285 15303 15315 15344 15353 15390 15391 15410 15419 15443 15459 15460 15482 15540 15547 15568 15589 15610 15611 15645 15652 15653 15697 15706 15722 18057 19241 19242 
	}

}
