state = { 
	id = 8 
	name = "STATE_8" 
	manpower = 1103833 
	
	state_category = city 
	
	resources = { 
		oil = 96 
		rubber = 21 
	} 
	history = { 
		owner = BLR 
		
		victory_points = { 6195 50 }
		victory_points = { 7560 5 }
		victory_points = { 13095 50 }
		victory_points = { 13456 20 }
		
		buildings = { 
			electrical_substation = 6 
			electrical_substation_big = 5 
			infrastructure = 2 
			arms_factory = 4 
			industrial_complex = 4 
			anti_air_building = 1 
			radar_station = 1 
			thermal_power_plant = 17 
			wind_power_plant = 1 
			fuel_silo = 1 
			synthetic_refinery = 1 
		}
		
		add_core_of = BLR 
	}
	provinces = { 45 92 130 191 209 247 305 323 331 337 592 706 724 763 772 821 960 1003 1024 1101 1118 1141 1169 1204 1227 1388 1472 1475 1532 1604 1710 1754 1817 1829 1915 1939 1957 2126 2214 2303 2307 2423 2441 2448 2462 2496 2514 2539 2595 2611 2638 2693 2797 2837 2856 2911 3036 3054 3140 3235 3246 3248 3354 3564 3712 3730 3756 3964 3967 4021 4084 4090 4111 4131 4236 4484 4526 4579 4621 4689 4815 4831 4858 4909 4937 5067 5070 5116 5147 5334 5353 5374 5387 5399 5472 5538 5552 5577 5600 5601 5650 5739 5794 5804 5861 5866 5881 5885 5902 5953 6052 6125 6127 6165 6195 6236 6345 6387 6462 6464 6478 6498 6516 6563 6590 6728 6885 7016 7017 7019 7038 7080 7124 7129 7169 7288 7410 7417 7420 7431 7509 7523 7560 7573 7653 7719 7742 7745 7793 7844 7888 7939 8042 8063 8127 8262 8318 8365 8367 8393 8402 8405 8409 8462 8519 8527 8572 8714 8721 8798 9039 9043 9125 9203 9309 9316 9394 9408 9435 9479 9663 9723 9878 9922 9943 10049 10123 10135 10219 10239 10279 10284 10368 10482 10580 10796 11040 11214 11270 11327 11328 11330 11341 11495 11581 11827 11830 11887 12014 12054 12196 12334 12340 12408 12414 12426 12496 12500 12514 12624 12718 12883 12939 12940 12977 12993 12998 13009 13012 13018 13020 13021 13028 13031 13043 13044 13054 13055 13056 13057 13058 13063 13064 13071 13075 13077 13078 13079 13082 13090 13091 13095 13109 13122 13124 13126 13142 13155 13166 13174 13180 13186 13188 13196 13205 13211 13231 13232 13233 13242 13243 13246 13247 13256 13260 13265 13270 13271 13279 13283 13287 13294 13297 13299 13311 13319 13327 13339 13356 13360 13369 13397 13412 13424 13437 13456 17970 17972 17974 17975 17980 17982 17984 17987 17991 17992 17995 17996 17998 17999 18001 18007 }
}
