
strategic_region={
	id=11
	name="STRATEGICREGION_11"
	provinces={
		9 11 28 31 101 121 167 168 176 184 322 349 360 370 375 384 390 439 444 475 476 479 491 499 519 535 560 584 599 622 659 688 768 781 791 795 802 828 866 869 889 903 969 975 1005 1022 1051 1122 1131 1138 1166 1190 1201 1212 1245 1264 1272 1292 1309 1327 1341 1349 1359 1376 1390 1408 1449 1452 1501 1538 1542 1610 1625 1652 1674 1696 1725 1734 1757 1819 1826 1845 1904 1923 1949 2025 2031 2033 2055 2061 2069 2072 2077 2108 2116 2129 2130 2167 2213 2239 2249 2318 2352 2363 2364 2376 2398 2403 2408 2415 2419 2424 2435 2455 2475 2486 2490 2494 2541 2552 2574 2615 2625 2628 2719 2789 2793 2806 2853 2894 2897 2902 2905 2917 2920 2921 2924 2949 2966 2991 3027 3045 3094 3116 3120 3147 3150 3164 3171 3222 3261 3270 3316 3320 3364 3369 3403 3404 3454 3494 3501 3507 3605 3688 3725 3740 3793 3842 3872 3877 3882 3906 3917 3969 3971 4020 4029 4031 4070 4135 4169 4234 4238 4243 4248 4262 4281 4339 4360 4363 4397 4491 4585 4628 4671 4672 4696 4740 4759 4762 4796 4816 4898 4915 4929 4932 4938 4960 4985 5006 5062 5066 5077 5094 5102 5146 5154 5189 5211 5229 5288 5303 5326 5331 5363 5389 5397 5424 5445 5479 5500 5517 5522 5537 5564 5589 5594 5605 5606 5608 5618 5630 5663 5683 5728 5756 5762 5812 5818 5831 5857 5865 5882 5927 5936 5991 5995 6035 6057 6100 6214 6257 6269 6274 6276 6354 6451 6460 6471 6507 6509 6520 6524 6576 6578 6595 6627 6640 6656 6659 6721 6735 6749 6787 6804 6816 6818 6832 6875 6887 6891 6913 6942 6946 6965 7037 7081 7106 7136 7139 7157 7257 7265 7269 7270 7290 7354 7365 7380 7385 7389 7395 7423 7428 7466 7493 7531 7549 7599 7700 7707 7735 7804 7806 7821 7824 7865 7881 7883 7903 7919 7924 8046 8048 8059 8074 8109 8122 8134 8180 8190 8196 8217 8256 8322 8366 8378 8383 8415 8540 8560 8565 8569 8570 8589 8615 8662 8670 8696 8710 8724 8744 8759 8815 8830 8859 8864 8894 8906 8942 8943 9003 9004 9011 9056 9065 9102 9124 9127 9138 9153 9158 9215 9219 9232 9260 9264 9270 9296 9300 9308 9379 9463 9468 9484 9489 9508 9561 9570 9575 9601 9613 9621 9623 9628 9712 9740 9749 9756 9767 9798 9822 9827 9873 9890 9945 9949 10007 10066 10095 10098 10149 10163 10164 10236 10287 10295 10300 10332 10347 10366 10400 10444 10463 10473 10493 10499 10528 10536 10540 10562 10569 10583 10642 10686 10697 10714 10777 10784 10792 10805 10816 10826 10866 10936 10981 11025 11035 11064 11104 11122 11128 11166 11169 11191 11209 11211 11265 11267 11294 11301 11450 11452 11503 11505 11514 11540 11542 11574 11579 11583 11596 11602 11625 11682 11687 11699 11752 11820 11853 11860 11910 11925 11982 11996 12073 12122 12158 12189 12192 12201 12212 12243 12252 12277 12318 12337 12379 12387 12402 12460 12473 12475 12478 12535 12538 12613 12620 12638 12669 12722 12737 12744 12773 12779 12790 12824 12846 12856 12864 12878 12925 12926 14286 14291 14319 14340 14366 14371 14381 14402 14419 14433 14446 14450 14452 14463 14477 14480 14485 14490 14499 14522 14532 14547 14551 14552 14555 14559 14562 14571 14575 14579 14587 14604 14607 14617 14628 14633 14634 14635 14636 14642 14645 14647 14669 14677 14684 14685 14693 14709 14717 14725 14735 14741 14758 14766 14767 14781 14784 14796 14806 14813 14838 14839 14849 14850 14857 14859 14864 14877 14878 14882 14887 14896 14903 14909 14910 14918 14919 14922 14925 14936 14938 14943 14945 14946 14949 14952 14976 14978 14983 14997 15001 15002 15003 15007 15009 15031 15038 15040 15051 15057 15061 15083 15084 15086 15087 15094 15097 15102 15115 15116 15122 15124 15132 15143 15148 15153 15165 15169 15177 15178 15191 15192 15196 15198 15208 15230 15234 15235 15236 15250 15258 15263 15265 15270 15277 15287 15295 15299 15300 15310 15328 15329 15330 15341 15345 15346 15347 15351 15358 15369 15375 15387 15399 15402 15407 15408 15414 15417 15426 15435 15476 18040 18044 18047 18050 
	}
	weather={
	}
}
