
strategic_region={
	id=18
	name="STRATEGICREGION_18"
	provinces={
		81 115 212 231 253 295 306 307 310 333 347 374 401 403 446 459 514 542 588 631 636 675 689 690 699 709 721 737 745 753 829 897 909 927 935 941 961 989 1011 1150 1182 1219 1247 1261 1267 1357 1366 1373 1391 1500 1504 1527 1560 1566 1642 1648 1651 1658 1660 1722 1790 1847 1873 1893 1985 2016 2030 2042 2070 2084 2092 2102 2199 2255 2320 2360 2391 2396 2421 2422 2426 2523 2573 2581 2608 2636 2652 2705 2706 2726 2727 2741 2777 2815 2883 2895 2907 2926 2994 3034 3131 3223 3245 3255 3277 3294 3315 3357 3388 3410 3544 3587 3614 3680 3738 3788 3824 3854 3897 3904 3920 3937 3945 3970 4073 4097 4118 4133 4160 4185 4211 4223 4237 4244 4253 4269 4278 4344 4395 4476 4531 4541 4547 4558 4575 4592 4595 4611 4623 4635 4665 4688 4693 4726 4735 4776 4784 4791 4835 4862 4863 4878 4899 4904 4930 4964 4967 4988 5004 5020 5039 5041 5049 5120 5167 5196 5203 5221 5290 5327 5364 5381 5430 5433 5463 5481 5491 5516 5547 5555 5597 5627 5697 5706 5795 5811 5821 5852 5878 5900 5929 5937 5942 5969 5980 6008 6032 6065 6108 6126 6172 6217 6248 6250 6267 6289 6301 6349 6352 6363 6379 6380 6392 6399 6428 6457 6497 6534 6553 6589 6653 6731 6737 6747 6839 6856 6860 6882 6903 6926 6983 6999 7000 7003 7005 7138 7193 7196 7208 7259 7303 7319 7320 7405 7407 7416 7440 7475 7506 7511 7530 7538 7545 7614 7623 7631 7665 7667 7759 7792 7826 7833 7843 7927 7933 7954 7998 8211 8219 8222 8250 8281 8353 8391 8395 8399 8419 8473 8488 8502 8506 8538 8542 8610 8671 8727 8802 8862 8911 8918 8932 8939 8967 8969 9021 9058 9077 9108 9116 9163 9187 9198 9243 9292 9298 9311 9322 9331 9354 9390 9430 9442 9493 9528 9542 9559 9583 9617 9655 9657 9669 9701 9727 9811 9874 9875 9876 9912 9939 9942 9972 9973 9994 10033 10075 10094 10100 10109 10114 10128 10198 10235 10257 10274 10293 10365 10376 10377 10404 10425 10508 10533 10535 10539 10545 10623 10683 10692 10698 10737 10825 10841 10848 10885 10900 10906 10974 11003 11008 11067 11072 11074 11138 11139 11194 11225 11227 11231 11365 11368 11371 11374 11391 11397 11464 11479 11484 11490 11518 11521 11541 11575 11598 11601 11621 11684 11725 11782 11828 11835 11908 11937 11951 11958 11987 11990 12007 12020 12029 12092 12098 12112 12117 12146 12219 12227 12235 12242 12247 12263 12264 12275 12298 12303 12320 12382 12410 12431 12479 12482 12518 12539 12585 12623 12626 12656 12710 12739 12780 12794 12816 12827 12842 12913 12915 15998 16028 16037 16039 16058 16059 16076 16100 16102 16110 16116 16124 16134 16135 16158 16161 16172 16180 16191 16196 16200 16212 16250 16255 16264 16266 16270 16272 16277 16278 16288 16304 16322 16332 16355 16359 16376 16385 16391 16401 16419 16424 16437 16456 16474 16480 16485 16503 16512 16517 16527 16541 16553 16554 16557 16564 16569 16574 16586 16594 16597 16603 16608 16612 16620 16622 16624 16626 16629 16641 16647 16653 16658 16661 16668 16673 16684 16690 16698 16699 16706 16715 16724 16725 16727 16732 16737 16752 16753 16755 16766 16770 16771 16777 16788 16794 16804 16809 16813 16819 16832 16836 16843 16844 16852 16860 16869 16874 16875 16877 16881 16889 16894 16900 16903 16911 16914 16916 16923 16928 16932 16936 16941 16943 16944 16947 16952 16956 16958 16969 16989 16990 16992 16993 16996 16997 16998 17002 17019 17021 17030 17043 17073 17093 17115 17135 
	}
	weather={
	}
}
