
strategic_region={
	id=19
	name="STRATEGICREGION_19"
	provinces={
		17 38 54 75 94 125 148 164 178 179 205 224 386 413 416 433 450 453 473 493 604 609 615 618 649 650 736 799 812 853 868 870 878 946 953 988 1036 1039 1048 1093 1145 1146 1154 1177 1210 1346 1347 1370 1395 1396 1456 1521 1617 1628 1646 1686 1709 1728 1761 1807 1890 1922 1963 1982 1992 1994 2023 2125 2135 2150 2164 2215 2221 2278 2384 2387 2389 2418 2433 2436 2440 2452 2464 2491 2524 2528 2533 2584 2593 2600 2662 2663 2665 2666 2675 2752 2754 2783 2784 2803 2804 2809 2810 2817 2844 2884 2942 2958 2982 2990 2992 3023 3051 3056 3089 3104 3106 3154 3180 3189 3194 3285 3345 3349 3429 3469 3489 3525 3541 3599 3655 3697 3726 3741 3747 3774 3776 3870 3892 3895 3911 3936 3976 3991 3993 4061 4117 4130 4132 4161 4187 4222 4254 4263 4289 4328 4332 4343 4515 4543 4597 4601 4609 4648 4653 4714 4721 4746 4781 4782 4795 4800 4821 4838 4887 4950 4966 4980 5000 5029 5053 5139 5142 5159 5161 5197 5256 5257 5299 5346 5436 5515 5550 5596 5664 5682 5689 5727 5748 5799 5801 5825 5892 5994 6049 6087 6105 6129 6134 6161 6253 6273 6283 6291 6316 6329 6374 6403 6483 6513 6514 6538 6573 6593 6612 6636 6637 6705 6745 6776 6790 6822 6837 6852 6870 6884 6939 6963 6973 6984 7022 7057 7071 7182 7215 7236 7238 7252 7294 7301 7306 7340 7349 7373 7383 7388 7462 7474 7505 7558 7570 7630 7669 7682 7727 7743 7778 7876 8000 8034 8052 8053 8075 8126 8140 8152 8179 8270 8291 8325 8331 8356 8372 8381 8495 8537 8550 8630 8679 8693 8700 8760 8763 8765 8791 8822 8840 8849 8881 8961 8995 8996 9005 9031 9085 9088 9144 9205 9228 9289 9294 9517 9523 9555 9569 9604 9608 9609 9720 9722 9730 9776 9781 9849 9861 9916 9919 9923 9948 9964 9974 10022 10023 10025 10044 10059 10069 10092 10126 10151 10232 10352 10363 10379 10383 10407 10424 10512 10561 10584 10598 10667 10675 10755 10833 10846 10857 10859 10875 10883 10915 10934 11044 11047 11061 11078 11157 11164 11165 11190 11193 11198 11212 11243 11249 11251 11256 11335 11356 11415 11421 11442 11482 11486 11488 11522 11535 11553 11561 11567 11572 11591 11595 11605 11650 11674 11685 11714 11759 11762 11801 11808 11824 11861 11879 11884 11936 11970 11977 12006 12010 12017 12030 12036 12060 12205 12221 12238 12240 12249 12269 12278 12281 12293 12333 12365 12371 12373 12381 12442 12470 12474 12483 12498 12501 12510 12544 12545 12551 12581 12598 12605 12633 12674 12756 12792 12793 12806 12810 12814 12828 12843 12868 15938 15987 16010 16011 16062 16066 16068 16095 16098 16106 16111 16129 16146 16152 16176 16201 16202 16234 16273 16281 16286 16301 16303 16315 16340 16341 16350 16351 16369 16370 16382 16384 16386 16398 16404 16415 16427 16443 16446 16454 16463 16469 16472 16484 16510 16521 16533 16547 16561 16563 16579 16581 16584 16587 16596 16616 16621 16637 16639 16645 16651 16665 16679 16693 16696 16721 16748 16750 16761 16762 16769 16792 16799 16807 16812 16815 16825 16841 16845 16850 16861 16864 16866 16871 16873 16882 16890 16901 16904 16908 16912 16917 16918 16925 16929 16930 16933 16934 16945 16948 16953 16957 16961 16965 16966 16967 16980 16983 16988 16991 17005 17016 17023 17026 17028 17032 17036 17037 17038 17045 17048 17049 17050 17055 17060 17074 17087 17090 17099 17103 17106 17126 17131 17200 17201 17202 18105 18117 18118 
	}
	weather={
	}
}
