
strategic_region={
	id=22
	name="STRATEGICREGION_22"
	provinces={
		14 30 41 48 58 93 103 108 132 140 169 185 194 229 240 242 256 272 279 292 303 311 315 332 336 381 412 417 418 421 460 469 481 517 538 547 562 582 589 611 628 669 670 673 697 705 727 731 778 792 800 856 860 874 886 899 907 918 949 985 986 995 1010 1027 1096 1103 1117 1136 1140 1148 1153 1176 1184 1200 1230 1252 1298 1300 1301 1302 1329 1331 1348 1360 1361 1364 1368 1378 1409 1426 1434 1486 1487 1526 1535 1551 1568 1662 1664 1676 1683 1702 1708 1713 1720 1731 1733 1744 1747 1768 1794 1808 1809 1816 1820 1833 1846 1902 1911 1935 1941 1947 1951 1959 1961 1977 1978 1979 2000 2013 2015 2017 2036 2039 2046 2090 2107 2118 2119 2161 2166 2182 2186 2230 2233 2272 2284 2336 2357 2378 2397 2402 2492 2498 2502 2508 2522 2542 2579 2598 2610 2633 2647 2653 2673 2698 2700 2728 2730 2740 2771 2778 2785 2802 2805 2814 2824 2831 2846 2865 2869 2877 2889 2900 2940 3015 3032 3042 3063 3066 3073 3083 3095 3097 3143 3167 3173 3175 3192 3193 3205 3215 3224 3226 3260 3271 3279 3292 3301 3302 3344 3363 3379 3383 3394 3397 3409 3411 3413 3436 3452 3455 3486 3488 3503 3513 3591 3610 3615 3627 3633 3672 3690 3701 3720 3722 3748 3757 3780 3784 3799 3804 3837 3857 3884 3890 3891 3927 3930 3938 3996 4018 4025 4028 4034 4072 4088 4134 4176 4193 4221 4279 4297 4298 4348 4359 4374 4404 4410 4412 4432 4442 4523 4527 4532 4556 4564 4580 4588 4598 4625 4634 4663 4667 4682 4683 4706 4715 4733 4736 4747 4755 4792 4798 4799 4803 4810 4896 4897 4903 4920 4952 4974 4998 5015 5030 5038 5042 5060 5073 5098 5101 5106 5112 5162 5198 5225 5260 5276 5277 5306 5313 5316 5343 5388 5405 5446 5448 5503 5511 5570 5603 5619 5637 5662 5675 5695 5740 5746 5755 5771 5790 5796 5806 5841 5846 5858 5875 5888 5891 5987 5997 6000 6012 6016 6020 6050 6062 6090 6123 6137 6152 6180 6182 6186 6190 6207 6222 6226 6282 6335 6381 6423 6438 6444 6450 6482 6485 6536 6545 6549 6575 6598 6615 6624 6629 6639 6660 6663 6703 6743 6762 6788 6793 6813 6825 6867 6880 6925 6975 6981 7044 7058 7068 7083 7103 7116 7118 7130 7147 7171 7179 7212 7266 7281 7310 7315 7324 7326 7334 7360 7370 7376 7419 7424 7432 7433 7473 7494 7507 7508 7521 7524 7525 7527 7553 7567 7569 7621 7634 7639 7642 7643 7657 7664 7668 7744 7750 7752 7762 7765 7787 7805 7823 7825 7854 7874 7908 7925 7931 7941 7949 7962 7968 7973 7976 7991 8004 8032 8108 8119 8153 8157 8165 8191 8194 8224 8244 8255 8274 8278 8286 8303 8310 8379 8417 8418 8444 8445 8450 8468 8478 8480 8490 8498 8500 8503 8507 8515 8533 8546 8578 8595 8601 8607 8638 8648 8735 8736 8789 8839 8853 8855 8856 8914 8962 8981 8989 9034 9066 9093 9099 9130 9132 9139 9157 9173 9180 9185 9222 9239 9255 9273 9281 9313 9321 9326 9329 9338 9340 9344 9345 9357 9443 9453 9467 9469 9476 9495 9529 9549 9629 9672 9684 9719 9724 9736 9738 9757 9762 9773 9794 9799 9815 9826 9842 9847 9880 9892 9901 9905 9921 9967 9968 9970 9979 10013 10046 10062 10083 10115 10122 10142 10148 10181 10202 10203 10208 10227 10228 10262 10264 10278 10302 10329 10338 10351 10364 10417 10429 10527 10529 10567 10568 10574 10626 10674 10682 10690 10727 10743 10771 10772 10852 10858 10868 10911 10929 10931 10937 10938 10939 10963 10990 11006 11014 11059 11086 11090 11133 11145 11152 11182 11269 11281 11318 11349 11372 11414 11420 11434 11461 11463 11508 11544 11555 11560 11585 11662 11694 11698 11716 11726 11739 11758 11777 11804 11812 11816 11844 11851 11852 11881 11894 11941 11948 11974 11994 11995 12040 12062 12084 12085 12100 12115 12163 12179 12198 12216 12230 12257 12272 12290 12291 12308 12339 12351 12358 12425 12444 12453 12465 12490 12491 12511 12573 12577 12583 12627 12629 12675 12695 12701 12704 12726 12733 12758 12760 12762 12782 12817 12819 12830 12832 12836 12869 12870 12877 12880 12885 12897 14472 14487 14519 14528 14534 14554 14561 14569 14574 14578 14585 14594 14599 14600 14605 14608 14610 14629 14630 14639 14649 14661 14665 14670 14672 14674 14678 14686 14688 14698 14699 14710 14716 14718 14721 14728 14729 14733 14736 14742 14743 14748 14751 14753 14761 14782 14783 14786 14788 14791 14792 14793 14798 14825 14828 14832 14840 14860 14861 14871 14883 14899 14902 14904 14906 14911 14914 14927 14934 14950 14956 14962 14967 14968 14988 15010 15012 15018 15020 15023 15028 15030 15032 15041 15043 15046 15049 15058 15067 15077 15080 15085 15098 15100 15121 15123 15133 15137 15138 15141 15149 15152 15155 15158 15160 15166 15170 15172 15173 15187 15189 15190 15197 15202 15206 15209 15212 15217 15218 15225 15226 15232 15242 15251 15262 15266 15267 15271 15272 15280 15284 15290 15294 15297 15301 15305 15307 15309 15316 15317 15319 15323 15331 15337 15342 15349 15352 15356 15359 15362 15363 15370 15373 15380 15383 15384 15392 15403 15405 15409 15415 15423 15428 15431 15433 15440 15456 15458 15467 15468 15473 15475 15484 15491 15493 15494 15498 15503 15506 15510 15512 15518 15520 15538 15541 15543 15544 15546 15551 15555 15556 15557 15566 15572 15575 15579 15580 15588 15593 15615 15624 15625 15628 15632 15636 15637 15640 15663 15664 15667 15678 15680 15688 15703 15712 15723 15728 15751 15752 15758 15790 15796 15805 15917 15919 15937 
	}
	weather={
	}
}
