
strategic_region={
	id=23
	name="STRATEGICREGION_23"
	provinces={
		5 112 119 120 129 183 218 262 269 283 288 354 398 485 495 549 577 583 630 635 665 692 715 723 726 752 830 871 890 898 1086 1123 1128 1144 1152 1156 1202 1209 1263 1277 1297 1336 1367 1398 1399 1430 1432 1441 1473 1480 1572 1598 1638 1641 1668 1688 1707 1719 1748 1795 1812 1815 1824 1853 1889 1918 1964 1968 1998 2006 2007 2052 2194 2241 2273 2279 2281 2317 2322 2325 2341 2365 2379 2392 2588 2590 2606 2619 2679 2684 2742 2748 2821 2838 2960 3019 3041 3055 3096 3115 3121 3128 3227 3243 3264 3266 3424 3430 3478 3485 3497 3617 3640 3645 3667 3727 3736 3803 3816 3831 3878 4026 4071 4114 4192 4261 4334 4350 4369 4393 4408 4430 4441 4528 4569 4590 4646 4661 4823 4868 4879 4889 4908 5003 5078 5151 5217 5220 5234 5270 5315 5419 5425 5593 5620 5659 5716 5719 5729 5760 5763 5810 5832 5834 5837 5859 5870 5889 5968 5979 5982 6002 6018 6037 6114 6164 6203 6209 6255 6370 6432 6493 6548 6699 6717 6734 6756 6791 6849 6853 6877 6878 6960 6966 6974 6990 7031 7041 7045 7047 7054 7092 7207 7214 7228 7234 7337 7357 7367 7368 7387 7408 7412 7444 7447 7490 7529 7576 7595 7686 7720 7733 7794 7798 7800 7819 7904 7959 7986 8009 8012 8020 8061 8067 8104 8124 8137 8187 8193 8279 8284 8285 8307 8390 8407 8424 8429 8469 8493 8512 8535 8554 8561 8575 8590 8605 8637 8665 8701 8706 8804 8852 8885 8890 8913 8937 8958 8965 8973 9014 9022 9062 9063 9064 9087 9135 9148 9162 9235 9261 9351 9362 9371 9374 9426 9428 9451 9475 9588 9662 9764 9836 9855 9867 9879 9928 9956 9976 10017 10020 10076 10082 10112 10187 10230 10333 10472 10478 10479 10543 10551 10589 10640 10644 10659 10699 10708 10719 10725 10733 10740 10754 10758 10806 10860 10870 10945 10957 10965 10966 10988 11039 11050 11079 11171 11201 11257 11262 11275 11346 11426 11438 11496 11523 11550 11564 11577 11587 11597 11634 11658 11668 11677 11706 11803 11850 11866 11949 12002 12109 12118 12152 12155 12206 12245 12284 12321 12347 12355 12357 12374 12399 12423 12508 12509 12517 12527 12529 12553 12597 12599 12602 12606 12651 12653 12914 14444 14447 14478 14523 14548 14588 14596 14646 14663 14666 14667 14689 14695 14713 14726 14734 14749 14768 14770 14772 14807 14808 14830 14841 14865 14884 14920 14935 14944 14974 14979 14980 15004 15014 15047 15078 15081 15088 15101 15112 15113 15129 15142 15144 15150 15179 15180 15184 15193 15213 15216 15221 15228 15245 15247 15259 15273 15281 15292 15296 15318 15324 15325 15327 15332 15333 15343 15348 15367 15371 15381 15388 15394 15404 15411 15418 15424 15432 15434 15437 15441 15442 15449 15462 15463 15464 15469 15478 15479 15485 15486 15492 15495 15508 15513 15514 15515 15527 15530 15539 15561 15564 15573 15581 15582 15583 15591 15598 15604 15620 15629 15633 15638 15648 15660 15669 15672 15684 15694 15696 15710 15713 15720 15753 15754 15759 15791 15797 15800 15812 15817 15819 15828 15836 15846 15850 15867 15883 15885 15923 15959 15972 16000 17261 17402 17403 17456 17495 17507 17528 17539 17590 17624 17666 17720 17759 17794 17842 17843 
	}
	weather={
	}
}
