
strategic_region={
	id=24
	name="STRATEGICREGION_24"
	provinces={
		6 80 112 117 120 321 324 326 328 379 583 635 692 729 756 757 832 871 885 923 925 934 952 968 1107 1143 1152 1163 1211 1221 1235 1250 1304 1323 1337 1441 1480 1481 1494 1529 1557 1564 1631 1641 1787 1789 1795 1798 1805 1832 1871 1874 1876 1889 1908 1964 1999 2014 2086 2091 2142 2173 2191 2241 2296 2340 2348 2349 2381 2386 2432 2443 2446 2450 2458 2536 2557 2568 2606 2697 2734 2742 2759 2774 2796 2838 2875 2890 2906 2936 2939 2963 2989 2999 3016 3017 3062 3077 3108 3115 3134 3145 3211 3239 3253 3256 3264 3287 3303 3338 3343 3402 3450 3473 3537 3596 3625 3645 3650 3682 3704 3759 3814 3826 3832 3836 3861 3893 3956 3965 4007 4026 4087 4163 4184 4206 4261 4280 4318 4350 4441 4453 4456 4496 4498 4549 4569 4590 4606 4636 4651 4699 4727 4749 4856 4879 4882 4894 4900 5003 5048 5056 5076 5151 5193 5227 5234 5275 5287 5355 5390 5425 5470 5484 5493 5496 5507 5513 5524 5532 5578 5620 5647 5671 5681 5717 5729 5880 5897 5910 5928 5979 6015 6070 6074 6075 6133 6135 6164 6229 6370 6409 6492 6493 6494 6499 6526 6580 6614 6619 6632 6658 6708 6724 6763 6772 6791 6829 6922 6933 7035 7041 7067 7070 7089 7092 7109 7112 7148 7253 7352 7361 7378 7387 7408 7442 7576 7595 7619 7637 7694 7720 7724 7753 7760 7799 7926 7942 8009 8050 8060 8088 8103 8279 8285 8326 8333 8346 8364 8377 8449 8469 8521 8547 8558 8561 8590 8591 8639 8669 8722 8743 8751 8779 8784 8804 8816 8819 8852 8866 8924 8941 8949 8953 8958 8991 8993 9006 9008 9022 9046 9063 9096 9098 9106 9121 9162 9169 9235 9246 9276 9339 9351 9356 9398 9402 9423 9433 9451 9538 9553 9568 9577 9586 9600 9614 9637 9638 9668 9693 9698 9725 9728 9843 9879 9961 9963 10001 10015 10042 10057 10085 10104 10118 10120 10157 10269 10272 10276 10355 10356 10357 10375 10402 10426 10481 10557 10627 10644 10681 10699 10720 10758 10762 10778 10790 10870 10890 10944 10953 10960 10965 10988 10997 10999 11042 11050 11071 11118 11136 11142 11207 11218 11229 11253 11305 11334 11529 11587 11599 11653 11690 11700 11717 11779 11843 11855 11882 11886 11906 11914 11992 12008 12140 12152 12193 12199 12200 12206 12255 12321 12329 12357 12502 12517 12553 12574 12661 12663 12682 12734 12795 12796 12798 12803 12884 12891 12901 15558 15563 15573 15577 15581 15604 15608 15609 15620 15621 15629 15660 15672 15675 15681 15689 15694 15696 15699 15704 15710 15713 15724 15753 15754 15759 15776 15791 15797 15812 15817 15819 15824 15825 15828 15835 15836 15846 15861 15862 15867 15873 15883 15885 15891 15894 15895 15896 15916 15920 15921 15922 15923 15925 15932 15933 15939 15952 15958 15959 15965 15972 15975 15980 15981 15993 15997 16000 16005 16019 16047 16049 16050 16052 16061 16069 16077 16083 16087 16091 16093 16094 16101 16107 16108 16112 16121 16126 16127 16139 16143 16167 16169 16184 16188 16205 16206 16207 16213 16225 16227 16240 16244 16245 16246 16251 16267 16269 16279 16282 16284 16307 16312 16319 16328 16329 16337 16342 16375 16397 16409 16417 16420 16425 16433 16434 16441 16444 16447 16459 16471 16482 16495 16496 16505 16506 16508 16511 16529 16545 16546 16549 16558 16562 16571 16572 16575 16576 16577 16578 16588 16607 16618 16625 16656 16659 16662 16678 16685 16718 16719 16763 16775 16800 17196 17227 17414 17431 17545 17560 17591 17659 17806 17848 17853 17856 18067 18068 18069 
	}
	weather={
	}
}
