
strategic_region={
	id=31
	name="STRATEGICREGION_31"
	provinces={
		195 342 434 524 810 1015 1630 1661 1934 2262 2264 2295 2601 2834 3456 3641 3770 3819 4030 4271 4670 4910 4969 4975 5031 5074 5133 5403 5454 5548 5715 5758 6031 6147 7065 7162 7178 7399 7451 7594 7673 7697 8016 8477 8487 8508 8544 8825 8895 9265 9332 9521 9737 9958 10091 10453 10617 10971 11173 11533 11686 12016 12086 12176 12403 12420 12552 12644 15643 15647 15657 15690 15725 15734 15770 15777 15781 15806 15830 15831 15847 15865 15875 15897 15943 15964 15966 15976 16008 16038 16045 16070 16125 
	}
	weather={
	}
}
