
strategic_region={
	id=34
	name="STRATEGICREGION_34"
	provinces={
		55 66 82 90 99 104 109 124 151 166 182 200 227 252 254 257 278 299 301 302 314 317 363 380 402 414 445 458 461 487 492 529 595 625 627 654 667 677 679 686 687 713 717 722 738 760 769 816 833 835 841 863 904 976 1035 1069 1080 1089 1119 1121 1133 1183 1196 1205 1224 1225 1259 1276 1283 1286 1311 1318 1325 1447 1464 1471 1511 1520 1556 1577 1601 1609 1615 1621 1626 1666 1670 1704 1745 1762 1771 1797 1842 1843 1852 1859 1884 1944 1986 2002 2008 2053 2075 2078 2099 2106 2112 2127 2133 2179 2204 2206 2207 2212 2219 2293 2344 2356 2358 2409 2425 2430 2460 2465 2469 2485 2544 2624 2639 2644 2667 2671 2696 2738 2745 2746 2792 2829 2836 2849 2878 2881 2943 3001 3050 3070 3074 3081 3102 3117 3182 3208 3209 3250 3265 3268 3288 3300 3306 3324 3325 3330 3368 3381 3395 3400 3447 3481 3492 3504 3506 3514 3515 3573 3576 3588 3589 3644 3648 3668 3684 3700 3728 3731 3760 3777 3778 3790 3801 3812 3813 3843 3881 3907 3939 3983 3986 4014 4033 4052 4059 4060 4075 4085 4096 4110 4126 4156 4171 4173 4232 4272 4296 4305 4331 4366 4375 4385 4387 4391 4414 4422 4427 4429 4521 4533 4537 4544 4561 4565 4581 4593 4607 4618 4619 4629 4679 4698 4712 4713 4737 4820 4844 4873 4881 4884 4924 4933 4949 4958 4961 4977 4997 5005 5013 5017 5050 5087 5100 5110 5125 5127 5137 5141 5145 5175 5188 5206 5214 5241 5258 5269 5271 5279 5284 5305 5332 5339 5340 5369 5375 5379 5413 5449 5489 5501 5553 5580 5591 5595 5658 5665 5669 5674 5679 5776 5793 5797 5800 5815 5827 5887 5894 5903 5904 5907 5908 5930 5951 5989 6007 6024 6102 6109 6111 6154 6212 6218 6232 6235 6259 6285 6318 6319 6336 6341 6342 6344 6353 6366 6383 6404 6418 6420 6461 6477 6484 6491 6505 6519 6523 6543 6557 6611 6630 6643 6648 6675 6688 6697 6727 6770 6773 6775 6777 6782 6795 6803 6819 6824 6826 6855 6881 6915 6921 6929 6954 6956 6959 6964 6986 7001 7014 7073 7084 7101 7186 7192 7218 7219 7267 7268 7292 7293 7331 7374 7379 7445 7461 7463 7468 7482 7544 7548 7584 7585 7602 7610 7612 7615 7620 7660 7663 7672 7681 7699 7769 7774 7813 7880 7887 7921 7953 7967 7990 7994 8018 8019 8024 8065 8106 8131 8135 8146 8147 8176 8192 8240 8251 8272 8305 8308 8315 8320 8321 8323 8330 8332 8340 8341 8343 8380 8382 8386 8388 8400 8401 8437 8453 8494 8522 8524 8526 8545 8571 8599 8624 8626 8676 8750 8754 8755 8807 8811 8817 8901 8905 8934 8935 8946 8948 8955 8968 8983 8999 9044 9054 9060 9083 9107 9114 9166 9168 9174 9188 9200 9208 9213 9217 9218 9221 9230 9245 9263 9315 9376 9382 9388 9401 9409 9413 9417 9420 9424 9491 9503 9512 9522 9525 9562 9596 9627 9634 9656 9661 9681 9705 9709 9718 9741 9752 9769 9786 9814 9832 9853 9886 9907 9935 9941 9981 9992 9999 10093 10150 10162 10165 10167 10177 10184 10199 10215 10216 10223 10259 10263 10306 10307 10311 10324 10326 10381 10413 10415 10420 10447 10449 10459 10471 10491 10553 10577 10599 10600 10629 10636 10657 10676 10679 10706 10712 10748 10766 10768 10795 10802 10840 10861 10897 10901 10916 10985 11018 11037 11049 11082 11089 11094 11101 11107 11110 11143 11170 11195 11220 11230 11233 11238 11261 11284 11288 11292 11295 11312 11317 11333 11381 11389 11403 11445 11447 11470 11485 11487 11489 11494 11510 11516 11528 11557 11558 11565 11612 11641 11656 11660 11666 11678 11679 11680 11710 11791 11799 11805 11811 11857 11911 11935 11945 11954 11959 11989 12021 12033 12058 12061 12096 12128 12166 12170 12203 12207 12220 12224 12246 12274 12276 12285 12310 12314 12317 12322 12346 12378 12400 12409 12443 12459 12466 12471 12487 12499 12504 12528 12540 12614 12625 12665 12666 12670 12687 12688 12711 12712 12720 12730 12752 12815 12822 12845 12899 12930 15906 15960 15983 15985 15994 16003 16014 16033 16053 16071 16082 16092 16104 16118 16142 16148 16150 16160 16170 16179 16209 16214 16218 16248 16263 16268 16271 16297 16305 16308 16318 16348 16349 16357 16365 16373 16378 16379 16392 16394 16395 16403 16408 16429 16430 16445 16455 16457 16462 16467 16476 16478 16479 16487 16497 16509 16516 16519 16520 16534 16537 16539 16540 16551 16565 16566 16567 16573 16583 16589 16593 16600 16601 16604 16610 16611 16623 16627 16628 16631 16632 16633 16638 16640 16643 16646 16648 16650 16655 16660 16663 16671 16676 16677 16680 16682 16683 16687 16688 16697 16703 16704 16705 16707 16708 16709 16714 16722 16728 16734 16735 16739 16742 16745 16747 16758 16759 16764 16772 16773 16774 16783 16785 16787 16796 16798 16805 16810 16814 16817 16824 16827 16834 16839 16840 16847 16853 16854 16858 16865 16870 16872 16878 16884 16886 16887 16892 16896 16897 16906 16907 16915 16922 16924 16927 16931 16935 16937 16938 16942 16951 16954 16955 16960 16962 16970 16973 16974 16975 16978 16979 16984 16985 16986 16987 16999 17003 17004 17006 17007 17013 17014 17015 17020 17022 17024 17025 17027 17033 17034 17035 17042 17051 17053 17057 17058 17063 17064 17066 17067 17069 17070 17071 17077 17078 17080 17083 17084 17085 17086 17088 17089 17096 17097 17100 17101 17108 17118 17120 17121 17127 17129 17132 17134 17139 17143 17144 17155 17162 17163 17166 17174 17175 17177 17180 17185 17187 17188 17189 17190 17193 17194 17203 18070 18075 18100 18109 18112 18113 18119 
	}
	weather={
	}
}
