
strategic_region={
	id=35
	name="STRATEGICREGION_35"
	provinces={
		27 113 116 126 193 201 222 277 289 376 506 508 531 536 554 590 594 632 685 714 788 811 824 859 957 1018 1094 1142 1185 1220 1238 1275 1322 1385 1420 1427 1470 1493 1513 1563 1584 1586 1612 1623 1677 1699 1772 1785 1823 1861 1913 1984 1987 1991 2003 2044 2097 2117 2154 2156 2193 2217 2245 2268 2342 2383 2427 2449 2493 2513 2532 2589 2678 2791 2813 2833 2867 2959 3010 3018 3040 3061 3132 3151 3195 3267 3290 3291 3313 3328 3350 3423 3467 3475 3479 3590 3608 3622 3631 3652 3713 3715 3807 3899 3916 3935 3975 3998 4077 4102 4122 4186 4188 4330 4336 4357 4384 4392 4405 4457 4613 4645 4647 4660 4738 4753 4763 4847 4860 4865 4925 4987 5024 5149 5235 5246 5248 5250 5273 5383 5408 5502 5568 5573 5581 5653 5725 5726 5731 5743 5791 5819 5871 5895 5999 6034 6069 6077 6083 6162 6175 6206 6286 6372 6378 6410 6419 6427 6437 6525 6603 6666 6711 6722 6730 6752 6797 6889 6928 6932 7008 7034 7039 7079 7096 7140 7167 7188 7284 7355 7400 7439 7476 7488 7501 7547 7577 7579 7691 7729 7803 7818 7864 7938 7940 7951 7961 8087 8212 8230 8233 8235 8243 8252 8290 8336 8350 8420 8423 8430 8434 8440 8456 8499 8520 8551 8552 8579 8646 8732 8737 8781 8785 8790 8828 8831 8950 8963 8972 9032 9040 9051 9105 9120 9131 9155 9258 9274 9448 9461 9481 9544 9581 9674 9692 9696 9732 9859 9904 9906 9914 9953 10005 10084 10111 10116 10145 10156 10213 10218 10222 10265 10405 10409 10454 10484 10492 10620 10633 10672 10716 10745 10788 10836 10878 10892 10895 10909 10977 10995 11004 11034 11057 11091 11116 11278 11361 11383 11418 11430 11491 11492 11538 11545 11559 11566 11576 11626 11627 11643 11675 11728 11730 11767 11775 11875 11942 11978 11998 11999 12025 12035 12049 12108 12148 12180 12229 12239 12256 12270 12279 12424 12530 12554 12591 12646 12671 12768 12829 12838 12847 12858 12900 12902 12916 12928 15522 15525 15532 15542 15565 15574 15595 15606 15617 15631 15639 15642 15654 15656 15670 15677 15682 15711 15732 15735 15742 15749 15750 15766 15767 15778 15779 15798 15801 15803 15813 15814 15816 15822 15826 15832 15855 15857 15863 15866 15870 15876 15899 15900 15903 15927 15936 15940 15944 15948 15949 15951 15955 15963 15978 15986 15988 15991 15992 16009 16013 16015 16022 16025 16034 16041 16048 16054 16055 16072 16075 16081 16089 16105 16119 16123 16128 16151 16163 16175 16185 16189 16190 16195 16203 16217 16219 16233 16237 16242 16280 16285 16291 16302 16309 16316 16326 16331 16339 16366 16374 16390 16396 16421 16426 16450 16453 16473 16491 16498 16514 16536 16552 16568 16580 16590 16591 16619 16634 16635 16664 16666 16692 16701 16712 16717 16784 17199 18056 18059 18060 18062 18063 18071 18072 18073 18076 18083 18085 18089 18091 18092 18093 18094 18098 18099 
	}
	weather={
	}
}
