
strategic_region={
	id=36
	name="STRATEGICREGION_36"
	provinces={
		33 39 42 53 146 149 220 235 237 285 294 313 316 358 408 410 415 427 452 470 505 520 557 570 587 598 637 644 660 702 728 733 735 746 782 785 804 843 862 882 883 900 906 921 931 1033 1047 1056 1058 1081 1085 1097 1098 1114 1126 1155 1168 1178 1191 1223 1340 1342 1363 1372 1415 1429 1443 1502 1540 1546 1567 1600 1639 1643 1693 1726 1738 1746 1750 1763 1775 1777 1803 1813 1837 1840 1869 1878 1898 1932 1943 1953 2001 2024 2026 2096 2114 2144 2169 2211 2231 2236 2243 2250 2282 2285 2300 2312 2314 2413 2439 2471 2501 2504 2515 2570 2586 2594 2596 2604 2646 2686 2691 2716 2769 2770 2850 2859 2882 2901 2934 2975 2987 2995 3004 3026 3029 3035 3058 3092 3146 3341 3362 3393 3435 3442 3470 3476 3482 3484 3490 3526 3540 3581 3598 3606 3649 3724 3739 3753 3763 3772 3779 3809 3847 3862 3888 3901 3905 3924 3931 3949 3957 3972 3990 4004 4010 4048 4082 4089 4093 4104 4128 4162 4189 4190 4191 4214 4313 4323 4347 4349 4380 4400 4431 4434 4448 4454 4464 4500 4507 4529 4589 4617 4641 4674 4691 4758 4764 4773 4778 4779 4793 4827 4833 4888 4936 4942 4947 5001 5007 5040 5054 5105 5107 5131 5144 5190 5191 5199 5249 5252 5283 5301 5320 5352 5354 5394 5395 5406 5407 5437 5450 5456 5458 5488 5495 5504 5512 5521 5535 5563 5610 5631 5655 5656 5676 5692 5735 5883 5909 5923 5932 5944 5947 5949 6013 6025 6030 6042 6047 6059 6080 6092 6103 6115 6202 6219 6223 6228 6231 6256 6280 6323 6337 6343 6346 6360 6361 6365 6369 6431 6445 6473 6489 6496 6501 6508 6511 6556 6569 6572 6626 6645 6674 6712 6713 6764 6811 6820 6841 6842 6846 6868 6871 6883 6898 6934 6938 6941 6969 6972 6997 7023 7026 7076 7077 7078 7085 7132 7135 7141 7156 7160 7174 7203 7247 7251 7297 7305 7328 7330 7344 7372 7377 7455 7484 7510 7513 7515 7603 7658 7671 7695 7715 7722 7725 7771 7795 7871 7878 7896 7979 8003 8044 8058 8076 8116 8130 8145 8174 8223 8242 8266 8277 8299 8309 8358 8385 8421 8432 8447 8460 8491 8492 8497 8539 8548 8556 8573 8584 8592 8593 8604 8606 8614 8616 8627 8649 8653 8689 8717 8753 8767 8796 8861 8893 8915 8938 8945 8974 9015 9052 9057 9068 9146 9190 9225 9229 9257 9299 9347 9348 9350 9353 9363 9386 9404 9436 9482 9492 9532 9535 9539 9556 9618 9624 9652 9665 9670 9733 9797 9820 9828 9871 9894 9900 9931 9957 10004 10035 10053 10064 10070 10081 10089 10099 10133 10134 10143 10221 10231 10244 10283 10291 10298 10303 10335 10340 10342 10343 10344 10350 10371 10399 10411 10432 10455 10461 10501 10504 10507 10546 10558 10570 10595 10632 10722 10729 10749 10750 10763 10823 10845 10865 10889 10912 10947 10968 10979 10982 11010 11012 11016 11069 11123 11129 11134 11137 11221 11248 11260 11263 11277 11290 11359 11395 11396 11398 11402 11408 11439 11446 11466 11469 11473 11532 11537 11608 11611 11633 11661 11695 11705 11720 11733 11761 11765 11766 11785 11832 11840 11849 11871 11874 11898 11927 11933 11955 11967 11984 11997 12004 12039 12057 12081 12138 12142 12172 12178 12188 12234 12273 12283 12307 12338 12397 12406 12435 12438 12446 12447 12448 12451 12464 12472 12476 12513 12549 12562 12657 12693 12697 12702 12707 12714 12743 12748 12753 12766 12813 12887 12890 12927 14744 14755 14764 14787 14794 14801 14816 14819 14820 14821 14827 14845 14852 14858 14870 14874 14875 14901 14905 14908 14912 14913 14917 14928 14929 14932 14933 14954 14960 14961 14969 14973 14975 14984 14987 14991 14992 14995 14999 15006 15013 15015 15019 15021 15026 15027 15029 15034 15045 15048 15055 15056 15059 15063 15064 15066 15069 15070 15071 15074 15075 15076 15079 15082 15092 15104 15105 15106 15107 15108 15111 15114 15125 15131 15135 15139 15140 15145 15146 15156 15163 15171 15181 15182 15188 15195 15201 15210 15211 15215 15222 15223 15224 15231 15240 15241 15248 15249 15255 15257 15261 15264 15269 15275 15276 15279 15283 15285 15286 15289 15293 15303 15304 15312 15314 15315 15336 15340 15344 15353 15355 15357 15361 15368 15385 15386 15389 15390 15391 15393 15397 15398 15401 15406 15410 15412 15416 15419 15420 15430 15436 15439 15443 15447 15453 15454 15455 15457 15459 15460 15471 15474 15481 15482 15487 15488 15499 15500 15504 15505 15507 15511 15517 15519 15540 15547 15554 15559 15568 15586 15589 15597 15610 15611 15614 15630 15645 15652 15653 15674 15679 15687 15693 15697 15706 15709 15722 15738 15744 15760 15765 15772 15787 15789 15794 15802 15807 15811 15837 15841 15842 15843 15844 15860 15884 15887 15893 15904 15914 15969 15970 15971 15973 15984 16002 16103 17947 17949 17954 17955 17956 17958 18051 18052 18054 18057 
	}
	weather={
	}
}
