
strategic_region={
	id=38
	name="STRATEGICREGION_38"
	provinces={
		3 21 25 29 71 72 76 83 89 102 154 165 174 188 203 221 234 238 246 284 338 369 378 399 432 455 462 478 488 507 534 548 551 566 581 603 614 633 648 696 739 758 761 765 770 803 826 910 947 956 963 987 992 1004 1023 1061 1068 1092 1095 1110 1161 1171 1174 1187 1233 1254 1258 1271 1326 1382 1383 1436 1454 1462 1468 1469 1490 1509 1531 1539 1544 1565 1614 1622 1653 1667 1690 1723 1736 1766 1767 1778 1781 1811 1825 1827 1828 1839 1892 1895 1896 1914 1916 1970 2010 2038 2047 2051 2066 2111 2160 2266 2271 2294 2301 2313 2332 2354 2372 2382 2399 2461 2474 2478 2482 2487 2543 2562 2565 2620 2626 2630 2643 2677 2699 2708 2712 2721 2735 2751 2761 2762 2776 2842 2857 2861 2880 2887 2913 2945 2955 2971 2974 2983 3009 3024 3052 3059 3078 3113 3160 3176 3177 3183 3199 3220 3221 3231 3242 3251 3280 3309 3391 3398 3415 3416 3428 3458 3483 3527 3534 3535 3552 3555 3557 3574 3600 3612 3623 3629 3637 3658 3666 3669 3687 3702 3746 3820 3821 3850 3864 3865 3903 3955 3963 3979 4009 4032 4043 4045 4067 4123 4129 4155 4177 4199 4216 4224 4251 4283 4326 4341 4377 4428 4481 4483 4494 4506 4519 4554 4602 4620 4656 4673 4675 4680 4710 4719 4730 4732 4761 4768 4790 4806 4813 4849 4864 4867 4918 4935 4962 4972 4986 5021 5025 5034 5063 5129 5136 5164 5185 5202 5224 5236 5255 5266 5294 5318 5361 5362 5368 5386 5401 5415 5459 5510 5527 5543 5572 5602 5612 5643 5646 5677 5687 5723 5732 5733 5753 5761 5805 5869 5890 5919 5931 5963 5965 5971 5974 5993 5996 6003 6029 6039 6044 6046 6061 6064 6066 6068 6085 6122 6148 6156 6185 6230 6245 6247 6265 6266 6278 6298 6300 6314 6315 6317 6339 6376 6386 6391 6400 6412 6459 6466 6472 6476 6502 6503 6506 6550 6555 6596 6602 6628 6661 6665 6677 6680 6701 6766 6767 6796 6800 6807 6840 6907 6914 6937 7032 7107 7185 7189 7225 7227 7235 7248 7304 7311 7333 7339 7347 7358 7369 7384 7390 7403 7411 7434 7449 7450 7456 7469 7472 7477 7479 7520 7550 7554 7575 7604 7605 7629 7641 7651 7690 7708 7710 7723 7737 7783 7802 7836 7861 7870 7886 7889 7892 7935 7978 8031 8051 8068 8078 8097 8105 8142 8151 8185 8203 8204 8221 8269 8271 8289 8295 8313 8314 8357 8363 8370 8408 8410 8426 8428 8451 8482 8529 8564 8586 8598 8633 8660 8666 8683 8698 8704 8711 8716 8718 8723 8749 8800 8824 8843 8897 8944 8959 8986 8990 8992 8998 9018 9023 9026 9042 9073 9195 9236 9244 9248 9271 9280 9295 9305 9323 9327 9380 9392 9393 9396 9400 9406 9411 9415 9422 9460 9473 9496 9506 9511 9519 9524 9541 9552 9573 9574 9584 9593 9611 9619 9622 9647 9659 9682 9703 9729 9748 9800 9802 9804 9818 9824 9825 9848 9881 9882 9896 9909 9915 9990 10003 10011 10014 10029 10050 10054 10061 10063 10065 10101 10117 10153 10168 10176 10179 10182 10191 10194 10204 10207 10220 10275 10280 10289 10322 10353 10362 10369 10372 10388 10406 10435 10483 10485 10519 10524 10525 10560 10582 10597 10631 10652 10661 10663 10666 10691 10693 10735 10761 10769 10775 10780 10785 10824 10838 10850 10869 10872 10940 10949 10970 10980 10994 11017 11031 11060 11066 11096 11097 11103 11146 11151 11206 11282 11293 11300 11307 11319 11323 11325 11343 11366 11413 11416 11458 11462 11472 11519 11526 11534 11586 11614 11628 11629 11673 11691 11697 11719 11738 11753 11756 11768 11794 11864 11890 11905 11926 12005 12066 12080 12102 12113 12184 12211 12226 12236 12237 12248 12262 12267 12287 12294 12300 12306 12312 12352 12364 12366 12368 12376 12380 12385 12388 12452 12484 12512 12532 12567 12578 12596 12600 12604 12612 12700 12746 12761 12775 12809 12839 12848 12853 12896 12904 12907 12917 13300 13326 13363 13373 13404 13416 13425 13433 13439 13452 13453 13486 13494 13505 13506 13552 13555 13572 13583 13587 13592 13593 13612 13617 13622 13649 13652 13657 13661 13675 13683 13701 13705 13709 13722 13728 13747 13776 13787 13818 13829 13832 13847 13860 13864 13905 13930 13944 13946 13948 13958 13961 13963 13972 13981 13998 14005 14022 14026 14031 14032 14037 14047 14056 14062 14074 14076 14092 14097 14099 14107 14137 14140 14141 14153 14159 14188 14193 14216 14228 14242 14244 14254 14259 14260 14271 14273 14274 14278 14279 14299 14300 14307 14313 14316 14322 14326 14329 14334 14338 14343 14344 14345 14350 14355 14370 14379 14380 14386 14396 14397 14398 14399 14401 14413 14415 14422 14424 14425 14431 14432 14437 14438 14440 14442 14449 14462 14470 14471 14473 14474 14476 14484 14492 14493 14495 14496 14497 14498 14503 14507 14509 14512 14516 14517 14520 14536 14539 14543 14546 14550 14556 14557 14567 14580 14583 14592 14593 14595 14597 14598 14603 14612 14614 14620 14624 14641 14651 14652 14658 14662 14676 14679 14680 14682 14683 14694 14697 14705 14708 14715 14732 14739 14740 14745 14746 14752 14760 14777 14785 14790 14795 14799 14803 14805 14812 14822 14823 14842 14854 14855 14862 14867 14876 14881 14894 14898 14926 14937 14942 14955 14964 14966 15017 15022 15118 15127 15227 17942 17944 17950 17953 17957 17959 17960 17961 17963 17964 17966 
	}
	weather={
	}
}
